1761905945.293900,0
1761905945.399994,5
1761905945.507487,12
1761905945.613671,17
1761905945.718640,19
1761905945.823619,19
1761905945.928060,19
1761905946.032443,17
1761905946.136984,19
1761905946.242000,19
1761905946.346845,20
1761905946.451358,20
1761905946.556212,19
1761905946.660792,19
1761905946.765655,19
1761905946.870179,18
1761905946.975576,16
1761905947.080629,18
1761905947.185462,18
1761905947.290190,15
1761905947.395656,15
1761905947.500710,17
1761905947.605940,18
1761905947.711180,19
1761905947.815695,17
1761905947.920359,19
1761905948.025108,16
1761905948.130532,17
1761905948.235370,10
1761905948.340167,7
1761905948.444612,8
1761905948.549944,10
1761905948.655550,9
1761905948.761232,7
1761905948.867334,10
1761905948.973018,9
1761905949.078394,8
1761905949.184145,9
1761905949.289133,9
1761905949.395058,9
1761905949.501291,10
1761905949.606758,16
1761905949.712177,16
1761905949.817276,13
1761905949.923289,13
1761905950.028806,11
1761905950.134525,11
1761905950.240034,11
1761905950.345636,11
1761905950.450636,11
1761905950.556060,13
1761905950.661339,13
1761905950.767363,14
1761905950.872478,15
1761905950.977687,13
1761905951.082676,13
1761905951.187841,14
1761905951.292553,14
1761905951.398319,14
1761905951.504068,14
1761905951.609554,15
1761905951.714734,15
1761905951.819633,14
1761905951.924849,16
1761905952.029737,15
1761905952.134405,16
1761905952.240098,16
1761905952.344491,16
1761905952.449343,17
1761905952.553742,17
1761905952.659087,16
1761905952.764479,17
1761905952.869995,18
1761905952.974701,18
1761905953.079460,19
1761905953.185539,19
1761905953.291345,19
1761905953.397015,19
1761905953.501952,17
1761905953.607563,18
1761905953.712712,18
1761905953.817446,19
1761905953.921931,19
1761905954.026582,19
1761905954.130956,18
1761905954.235405,20
1761905954.340811,19
1761905954.445464,19
1761905954.549661,19
1761905954.654617,19
1761905954.759391,19
1761905954.864798,19
1761905954.969253,16
1761905955.074375,16
1761905955.179866,11
1761905955.284979,7
1761905955.390830,8
1761905955.496328,9
1761905955.601253,8
1761905955.707193,9
1761905955.811941,10
1761905955.917093,10
1761905956.022443,11
1761905956.127136,10
1761905956.232519,12
1761905956.337863,11
1761905956.443573,9
1761905956.548999,10
1761905956.654414,10
1761905956.760066,10
1761905956.864487,10
1761905956.969704,10
1761905957.074780,10
1761905957.180321,10
1761905957.285357,10
1761905957.390530,11
1761905957.496175,11
1761905957.601569,12
1761905957.706187,12
1761905957.811158,12
1761905957.915677,12
1761905958.020392,12
1761905958.126128,12
1761905958.230857,13
1761905958.335561,13
1761905958.440645,13
1761905958.546118,14
1761905958.651516,14
1761905958.756554,14
1761905958.861346,14
1761905958.966936,15
1761905959.071660,15
1761905959.176298,16
1761905959.281486,16
1761905959.386182,15
1761905959.491861,19
1761905959.597031,19
1761905959.702403,16
1761905959.808077,14
1761905959.912654,14
1761905960.018484,11
1761905960.124759,12
1761905960.230351,13
1761905960.336762,14
1761905960.442139,12
1761905960.548838,14
1761905960.654458,15
1761905960.759373,13
1761905960.865014,14
1761905960.969866,11
1761905961.074206,13
1761905961.179481,12
1761905961.283926,13
1761905961.388694,13
1761905961.494026,13
1761905961.598955,13
1761905961.704721,13
1761905961.809206,13
1761905961.913929,14
1761905962.018874,13
1761905962.123953,13
1761905962.228751,12
1761905962.334501,13
1761905962.438959,13
1761905962.544195,14
1761905962.648996,15
1761905962.753293,14
1761905962.858949,14
1761905962.964384,15
1761905963.070018,14
1761905963.174442,16
1761905963.279781,16
1761905963.385381,15
1761905963.490296,15
1761905963.596319,15
1761905963.701398,16
1761905963.806283,17
1761905963.910573,16
1761905964.015781,16
1761905964.120737,19
1761905964.226034,19
1761905964.331302,17
1761905964.436134,16
1761905964.541380,16
1761905964.646314,16
1761905964.750845,17
1761905964.855893,13
1761905964.960417,16
1761905965.064958,14
1761905965.170349,15
1761905965.276447,17
1761905965.381604,16
1761905965.486889,17
1761905965.592267,15
1761905965.697280,16
1761905965.802770,14
1761905965.908735,15
1761905966.014184,13
1761905966.118953,15
1761905966.223749,13
1761905966.328731,15
1761905966.433802,13
1761905966.538496,15
1761905966.643655,15
1761905966.748891,16
1761905966.854532,16
1761905966.959054,15
1761905967.064109,16
1761905967.169196,16
1761905967.273895,17
1761905967.379237,16
1761905967.484498,17
1761905967.590455,17
1761905967.694965,16
1761905967.801179,17
1761905967.906840,17
1761905968.011946,17
1761905968.116767,18
1761905968.220861,17
1761905968.326042,18
1761905968.431112,18
1761905968.536305,17
1761905968.641000,18
1761905968.746518,19
1761905968.851776,19
1761905968.957175,18
1761905969.062935,20
1761905969.168486,19
1761905969.274106,17
1761905969.379314,14
1761905969.484884,14
1761905969.589841,14
1761905969.695570,16
1761905969.801161,14
1761905969.907308,15
1761905970.015195,15
1761905970.120354,19
1761905970.225693,17
1761905970.330813,17
1761905970.436987,16
1761905970.542532,17
1761905970.646821,15
1761905970.752635,17
1761905970.858433,16
1761905970.965075,17
1761905971.070245,15
1761905971.175839,16
1761905971.282011,17
1761905971.386695,17
1761905971.491510,18
1761905971.595946,16
1761905971.701502,18
1761905971.806859,17
1761905971.911665,17
1761905972.016965,18
1761905972.121610,17
1761905972.226778,18
1761905972.331836,18
1761905972.436702,17
1761905972.544005,18
1761905972.648751,17
1761905972.753506,18
1761905972.858181,19
1761905972.962905,19
1761905973.069124,19
1761905973.174073,19
1761905973.279815,19
1761905973.384310,19
1761905973.489213,19
1761905973.594017,17
1761905973.699150,17
1761905973.805101,15
1761905973.911416,20
1761905974.016929,17
1761905974.122288,12
1761905974.228405,10
1761905974.333334,7
1761905974.439762,8
1761905974.544407,9
1761905974.649590,10
1761905974.754393,9
1761905974.858872,8
1761905974.964083,8
1761905975.068449,9
1761905975.173052,9
1761905975.277851,10
1761905975.382702,11
1761905975.487547,10
1761905975.591848,11
1761905975.696887,10
1761905975.801532,10
1761905975.905836,10
1761905976.010849,10
1761905976.116107,10
1761905976.221345,11
1761905976.326483,11
1761905976.432620,12
1761905976.538501,11
1761905976.643020,12
1761905976.747738,13
1761905976.853045,13
1761905976.958272,12
1761905977.064113,13
1761905977.168750,12
1761905977.274013,13
1761905977.379687,13
1761905977.484575,13
1761905977.589850,13
1761905977.697686,14
1761905977.802497,15
1761905977.906843,16
1761905978.011651,16
1761905978.117483,18
1761905978.222110,18
1761905978.326451,15
1761905978.431160,15
1761905978.535498,16
1761905978.639834,15
1761905978.745123,16
1761905978.850392,16
1761905978.955621,17
1761905979.059896,17
1761905979.165070,19
1761905979.270070,18
1761905979.376113,18
1761905979.481067,19
1761905979.586344,19
1761905979.691550,18
1761905979.797957,19
1761905979.903257,19
1761905980.008670,19
1761905980.118262,18
1761905980.223749,18
1761905980.328985,18
1761905980.434099,17
1761905980.539664,15
1761905980.644791,17
1761905980.750175,15
1761905980.855380,15
1761905980.960935,15
1761905981.066425,15
1761905981.172735,17
1761905981.278074,15
1761905981.382959,17
1761905981.487925,16
1761905981.593095,17
1761905981.697827,16
1761905981.803231,18
1761905981.907934,18
1761905982.012470,17
1761905982.117617,18
1761905982.222318,16
1761905982.326725,18
1761905982.431857,16
1761905982.536679,18
1761905982.641410,18
1761905982.746641,18
1761905982.851847,18
1761905982.957068,17
1761905983.061484,18
1761905983.166615,19
1761905983.271099,19
1761905983.376193,19
1761905983.481287,18
1761905983.585586,18
1761905983.690778,19
1761905983.796236,17
1761905983.901716,19
1761905984.006302,19
1761905984.111487,18
1761905984.216642,19
1761905984.322076,19
1761905984.427795,20
1761905984.532324,19
1761905984.637528,19
1761905984.743562,16
1761905984.849048,16
1761905984.954586,18
1761905985.059510,15
1761905985.164666,16
1761905985.270120,15
1761905985.374843,16
1761905985.480540,16
1761905985.585732,14
1761905985.691030,16
1761905985.796401,14
1761905985.901647,16
1761905986.006851,14
1761905986.111366,16
1761905986.216597,15
1761905986.321106,17
1761905986.426250,15
1761905986.531028,17
1761905986.635658,16
1761905986.740439,17
1761905986.846154,17
1761905986.950737,18
1761905987.055933,18
1761905987.161010,16
1761905987.265921,18
1761905987.370532,16
1761905987.476480,18
1761905987.581401,19
1761905987.686086,18
1761905987.790771,19
1761905987.896010,18
1761905988.001252,19
1761905988.106367,19
1761905988.211535,17
1761905988.316857,19
1761905988.421969,20
1761905988.527795,17
1761905988.633832,19
1761905988.739181,17
1761905988.844337,13
1761905988.949454,13
1761905989.054869,15
1761905989.160311,15
1761905989.265995,16
1761905989.370567,18
1761905989.475439,16
1761905989.581174,17
1761905989.686745,16
1761905989.794318,17
1761905989.899629,17
1761905990.005536,18
1761905990.111439,16
1761905990.216450,17
1761905990.321094,14
1761905990.425938,16
1761905990.531805,14
1761905990.636897,16
1761905990.742483,15
1761905990.847710,16
1761905990.954043,17
1761905991.058947,17
1761905991.164700,16
1761905991.269077,15
1761905991.374517,16
1761905991.482132,16
1761905991.587481,16
1761905991.692608,17
1761905991.798285,16
1761905991.903216,16
1761905992.008367,17
1761905992.113345,17
1761905992.218715,17
1761905992.323075,15
1761905992.427998,16
1761905992.533127,17
1761905992.638256,17
1761905992.743741,17
1761905992.848094,18
1761905992.952206,17
1761905993.056865,17
1761905993.161358,18
1761905993.266513,18
1761905993.370701,18
1761905993.475897,19
1761905993.580822,19
1761905993.686160,19
1761905993.790629,18
1761905993.903214,19
1761905994.008894,19
1761905994.114431,19
1761905994.219921,18
1761905994.325479,18
1761905994.431306,16
1761905994.535986,15
1761905994.641144,17
1761905994.746527,12
1761905994.850968,13
1761905994.956322,11
1761905995.061238,11
1761905995.166886,14
1761905995.272669,16
1761905995.378218,13
1761905995.483505,13
1761905995.588929,12
1761905995.694441,12
1761905995.799459,12
1761905995.904439,13
1761905996.009517,13
1761905996.114139,15
1761905996.218697,14
1761905996.323696,14
1761905996.428465,12
1761905996.533708,13
1761905996.639105,13
1761905996.743912,14
1761905996.848848,15
1761905996.954072,14
1761905997.058526,14
1761905997.163058,14
1761905997.267268,15
1761905997.371807,16
1761905997.477358,15
1761905997.582102,15
1761905997.686932,16
1761905997.791479,15
1761905997.896089,16
1761905998.001371,17
1761905998.107365,16
1761905998.213114,17
1761905998.318222,18
1761905998.423560,19
1761905998.529080,17
1761905998.635186,18
1761905998.740638,18
1761905998.845381,17
1761905998.950094,18
1761905999.055521,19
1761905999.160099,19
1761905999.265154,17
1761905999.371076,18
1761905999.475949,17
1761905999.580989,17
1761905999.685887,15
1761905999.790387,17
1761905999.895161,16
1761906000.000161,12
1761906000.105646,11
1761906000.210712,11
1761906000.316689,12
1761906000.422921,11
1761906000.529160,11
1761906000.634156,11
1761906000.739927,11
1761906000.845659,11
1761906000.950882,12
1761906001.056378,12
1761906001.161522,12
1761906001.266319,13
1761906001.370781,13
1761906001.476908,12
1761906001.581514,13
1761906001.686194,13
1761906001.792352,14
1761906001.898057,13
1761906002.003919,14
1761906002.108715,14
1761906002.214166,14
1761906002.319811,16
1761906002.424635,16
1761906002.529705,15
1761906002.635293,15
1761906002.739845,15
1761906002.844194,16
1761906002.949230,15
1761906003.054216,16
1761906003.159567,17
1761906003.264553,17
1761906003.369588,18
1761906003.474853,18
1761906003.580354,19
1761906003.685923,20
1761906003.790402,19
1761906003.894823,17
1761906003.999823,18
1761906004.105439,18
1761906004.210320,18
1761906004.315684,18
1761906004.419999,18
1761906004.525842,19
1761906004.630519,19
1761906004.735099,19
1761906004.840737,19
1761906004.946462,19
1761906005.052093,19
1761906005.157146,19
1761906005.262965,17
1761906005.367752,19
1761906005.473690,15
1761906005.578287,8
1761906005.683004,6
1761906005.788198,7
1761906005.892811,6
1761906005.997523,6
1761906006.102957,7
1761906006.207628,7
1761906006.312095,7
1761906006.417250,7
1761906006.522569,8
1761906006.627326,9
1761906006.732490,9
1761906006.837289,9
1761906006.942267,10
1761906007.047045,9
1761906007.151961,10
1761906007.256846,10
1761906007.361215,11
1761906007.466640,10
1761906007.571861,11
1761906007.677217,11
1761906007.781724,11
1761906007.886203,12
1761906007.991676,12
1761906008.097148,11
1761906008.202977,13
1761906008.308895,13
1761906008.413725,14
1761906008.522010,13
1761906008.626723,14
1761906008.731743,15
1761906008.838515,19
1761906008.944436,19
1761906009.049665,17
1761906009.155344,13
1761906009.260893,13
1761906009.366245,9
1761906009.472139,11
1761906009.577403,9
1761906009.683436,7
1761906009.789545,7
1761906009.895090,8
1761906010.000869,8
1761906010.106470,8
1761906010.211717,9
1761906010.316823,10
1761906010.422506,9
1761906010.527977,10
1761906010.634565,10
1761906010.739994,10
1761906010.845999,10
1761906010.951628,12
1761906011.056742,11
1761906011.162132,11
1761906011.266555,13
1761906011.371292,12
1761906011.476271,12
1761906011.581579,14
1761906011.686499,14
1761906011.791325,13
1761906011.897118,14
1761906012.002235,13
1761906012.108336,15
1761906012.213506,15
1761906012.318371,15
1761906012.424769,19
1761906012.529679,19
1761906012.634860,19
1761906012.740163,14
1761906012.845130,14
1761906012.950184,14
1761906013.054525,15
1761906013.159052,13
1761906013.266355,12
1761906013.370952,11
1761906013.475949,8
1761906013.580974,11
1761906013.685864,9
1761906013.790297,11
1761906013.895041,10
1761906013.999780,11
1761906014.104266,11
1761906014.209167,10
1761906014.313540,11
1761906014.418032,10
1761906014.523653,11
1761906014.628884,12
1761906014.733992,12
1761906014.839721,11
1761906014.944305,13
1761906015.050220,12
1761906015.155320,12
1761906015.261111,13
1761906015.365993,13
1761906015.471124,13
1761906015.576550,13
1761906015.681714,14
1761906015.786626,14
1761906015.892105,14
1761906015.996444,14
1761906016.102054,15
1761906016.207676,14
1761906016.312375,15
1761906016.418206,15
1761906016.524092,15
1761906016.629281,15
1761906016.734667,17
1761906016.838990,17
1761906016.944102,16
1761906017.049141,19
1761906017.153637,19
1761906017.258923,18
1761906017.363325,15
1761906017.468063,16
1761906017.573148,16
1761906017.678364,16
1761906017.783498,14
1761906017.888866,13
1761906017.993598,13
1761906018.098233,9
1761906018.203233,10
1761906018.309258,11
1761906018.414682,10
1761906018.520328,11
1761906018.624919,10
1761906018.729744,11
1761906018.834792,10
1761906018.939320,11
1761906019.044173,12
1761906019.149672,12
1761906019.255588,11
1761906019.361789,12
1761906019.467962,12
1761906019.574694,12
1761906019.680335,14
1761906019.786410,13
1761906019.892447,13
1761906019.997912,13
1761906020.103922,14
1761906020.209270,14
1761906020.314897,13
1761906020.420772,14
1761906020.526480,14
1761906020.632464,14
1761906020.737547,15
1761906020.842280,15
1761906020.947513,15
1761906021.052904,16
1761906021.158175,16
1761906021.263328,17
1761906021.368340,16
1761906021.473889,16
1761906021.579553,17
1761906021.684223,17
1761906021.789743,18
1761906021.895500,18
1761906022.000837,19
1761906022.105539,19
1761906022.211224,18
1761906022.316524,18
1761906022.421381,18
1761906022.527156,18
1761906022.632655,18
1761906022.739169,18
1761906022.844236,18
1761906022.950515,19
1761906023.055056,19
1761906023.160282,17
1761906023.266001,19
1761906023.371259,19
1761906023.475984,18
1761906023.580216,17
1761906023.685542,16
1761906023.790832,18
1761906023.896023,10
1761906024.001500,3
1761906024.106280,5
1761906024.211304,5
1761906024.316678,6
1761906024.421761,6
1761906024.527009,6
1761906024.632258,7
1761906024.737353,7
1761906024.842325,9
1761906024.947657,8
1761906025.052872,8
1761906025.159307,10
1761906025.263889,9
1761906025.369479,10
1761906025.475916,9
1761906025.581388,10
1761906025.686847,10
1761906025.792375,10
1761906025.898175,10
1761906026.002726,11
1761906026.107900,11
1761906026.212993,11
1761906026.318215,13
1761906026.424493,13
1761906026.531280,13
1761906026.635772,13
1761906026.740264,14
1761906026.845464,13
1761906026.950806,14
1761906027.055892,16
1761906027.161726,14
1761906027.266414,18
1761906027.371871,20
1761906027.477384,15
1761906027.582385,14
1761906027.687672,14
1761906027.793401,15
1761906027.898295,15
1761906028.003005,14
1761906028.107799,17
1761906028.212599,17
1761906028.317975,17
1761906028.424106,19
1761906028.529075,18
1761906028.634562,17
1761906028.740075,17
1761906028.845942,18
1761906028.952239,17
1761906029.059369,17
1761906029.165772,18
1761906029.271869,17
1761906029.378918,18
1761906029.484703,17
1761906029.591476,18
1761906029.697124,18
1761906029.802107,18
1761906029.909143,19
1761906030.014326,19
1761906030.119834,20
1761906030.224815,20
1761906030.330774,18
1761906030.436315,19
1761906030.541066,18
1761906030.645493,16
1761906030.750114,16
1761906030.854413,14
1761906030.958971,9
1761906031.063542,10
1761906031.168140,11
1761906031.272766,10
1761906031.377353,11
1761906031.482515,12
1761906031.587099,12
1761906031.691819,12
1761906031.796506,13
1761906031.900975,19
1761906032.005539,19
1761906032.110093,15
1761906032.215462,14
1761906032.322631,13
1761906032.428853,9
1761906032.534969,6
1761906032.640025,6
1761906032.745388,7
1761906032.850436,7
1761906032.956091,7
1761906033.060658,8
1761906033.165315,7
1761906033.270762,8
1761906033.375703,9
1761906033.480530,9
1761906033.585745,9
1761906033.690897,9
1761906033.796785,11
1761906033.902336,11
1761906034.007733,10
1761906034.112970,12
1761906034.218934,11
1761906034.325592,11
1761906034.430914,12
1761906034.536113,12
1761906034.641303,12
1761906034.746352,13
1761906034.851981,13
1761906034.956980,13
1761906035.061453,13
1761906035.166239,13
1761906035.270563,15
1761906035.375105,14
1761906035.479869,19
1761906035.584759,19
1761906035.689523,17
1761906035.795291,13
1761906035.900683,13
1761906036.005687,11
1761906036.110548,11
1761906036.215283,8
1761906036.320254,8
1761906036.426527,9
1761906036.532189,9
1761906036.637086,8
1761906036.742568,9
1761906036.848241,10
1761906036.953179,9
1761906037.059331,10
1761906037.164707,10
1761906037.271039,10
1761906037.377042,13
1761906037.482501,12
1761906037.587547,10
1761906037.692989,12
1761906037.798230,12
1761906037.903265,13
1761906038.008449,13
1761906038.113322,13
1761906038.218569,14
1761906038.323850,14
1761906038.428988,13
1761906038.533970,15
1761906038.639240,14
1761906038.744740,13
1761906038.849214,15
1761906038.954002,14
1761906039.058863,14
1761906039.164645,16
1761906039.269959,15
1761906039.377415,15
1761906039.481988,15
1761906039.587391,16
1761906039.694050,17
1761906039.800191,15
1761906039.906457,20
1761906040.010976,19
1761906040.117168,16
1761906040.222866,15
1761906040.329209,15
1761906040.434913,13
1761906040.541033,12
1761906040.646502,11
1761906040.751511,10
1761906040.857340,10
1761906040.962512,10
1761906041.067640,11
1761906041.173031,12
1761906041.279158,10
1761906041.384110,10
1761906041.488920,11
1761906041.593768,11
1761906041.698535,11
1761906041.803859,12
1761906041.908350,12
1761906042.013175,11
1761906042.117978,12
1761906042.223148,13
1761906042.327573,13
1761906042.431832,12
1761906042.537233,13
1761906042.642245,13
1761906042.746868,13
1761906042.852537,14
1761906042.957367,16
1761906043.062163,16
1761906043.166833,14
1761906043.272754,15
1761906043.377373,15
1761906043.482772,15
1761906043.588538,15
1761906043.695650,15
1761906043.801649,16
1761906043.908544,18
1761906044.013495,19
1761906044.118302,16
1761906044.223731,16
1761906044.328693,19
1761906044.434023,18
1761906044.539306,20
1761906044.643789,20
1761906044.749317,19
1761906044.854363,20
1761906044.958871,19
1761906045.063718,19
1761906045.168733,16
1761906045.273285,13
1761906045.378689,12
1761906045.484064,7
1761906045.588822,8
1761906045.693183,8
1761906045.798367,7
1761906045.903270,7
1761906046.008419,8
1761906046.113070,7
1761906046.218406,8
1761906046.322900,8
1761906046.430662,8
1761906046.535747,8
1761906046.640494,9
1761906046.746334,9
1761906046.852064,10
1761906046.957091,9
1761906047.061806,10
1761906047.167364,9
1761906047.273306,10
1761906047.378420,11
1761906047.484507,11
1761906047.589870,11
1761906047.694757,11
1761906047.800111,12
1761906047.905316,11
1761906048.010881,13
1761906048.115288,13
1761906048.219815,14
1761906048.324353,13
1761906048.430031,13
1761906048.535592,13
1761906048.641845,13
1761906048.747905,14
1761906048.853098,15
1761906048.958114,18
1761906049.063507,18
1761906049.168809,15
1761906049.274875,19
1761906049.380566,19
1761906049.485599,17
1761906049.590750,15
1761906049.695813,15
1761906049.801764,15
1761906049.907017,17
1761906050.012156,17
1761906050.117148,17
1761906050.222285,19
1761906050.328013,16
1761906050.433839,19
1761906050.538580,17
1761906050.644204,20
1761906050.749688,19
1761906050.855134,18
1761906050.960234,19
1761906051.065987,19
1761906051.171058,19
1761906051.275961,18
1761906051.380889,18
1761906051.485412,19
1761906051.590105,18
1761906051.695826,19
1761906051.800549,20
1761906051.905522,19
1761906052.010788,19
1761906052.115565,20
1761906052.219788,19
1761906052.324280,19
1761906052.429831,20
1761906052.534844,19
1761906052.640118,17
1761906052.744947,17
1761906052.849427,15
1761906052.953828,10
1761906053.058991,10
1761906053.164206,10
1761906053.269671,12
1761906053.376235,11
1761906053.481272,11
1761906053.586468,12
1761906053.693824,12
1761906053.798503,12
1761906053.903858,13
1761906054.009713,14
1761906054.115625,14
1761906054.221456,19
1761906054.325974,19
1761906054.431287,18
1761906054.536833,13
1761906054.641802,12
1761906054.747208,12
1761906054.851977,11
1761906054.957218,6
1761906055.062051,8
1761906055.167771,8
1761906055.272233,8
1761906055.377523,8
1761906055.482832,8
1761906055.587360,9
1761906055.692245,9
1761906055.797805,9
1761906055.902983,10
1761906056.008267,10
1761906056.113366,10
1761906056.219436,10
1761906056.323811,11
1761906056.428238,10
1761906056.532635,11
1761906056.638381,11
1761906056.743274,11
1761906056.848672,11
1761906056.953401,12
1761906057.059039,12
1761906057.164658,12
1761906057.269861,13
1761906057.374851,13
1761906057.480799,14
1761906057.585283,14
1761906057.690780,15
1761906057.796148,14
1761906057.901721,14
1761906058.006441,15
1761906058.111854,15
1761906058.216972,14
1761906058.322061,17
1761906058.426456,16
1761906058.531889,16
1761906058.637588,20
1761906058.742934,19
1761906058.848440,15
1761906058.953501,14
1761906059.057852,14
1761906059.162718,12
1761906059.267686,13
1761906059.372559,8
1761906059.478151,10
1761906059.583731,8
1761906059.689094,11
1761906059.794820,11
1761906059.899308,10
1761906060.004318,11
1761906060.109250,10
1761906060.214726,11
1761906060.321159,11
1761906060.426842,11
1761906060.532161,11
1761906060.637771,11
1761906060.743315,12
1761906060.847945,11
1761906060.955100,12
1761906061.060725,12
1761906061.165187,12
1761906061.270821,13
1761906061.376661,13
1761906061.482263,14
1761906061.587917,13
1761906061.693378,14
1761906061.798233,14
1761906061.903847,14
1761906062.009672,14
1761906062.114179,14
1761906062.219331,15
1761906062.324365,14
1761906062.429396,15
1761906062.534830,15
1761906062.639247,15
1761906062.744737,16
1761906062.849186,16
1761906062.954812,17
1761906063.059290,17
1761906063.164705,16
1761906063.269912,19
1761906063.374896,18
1761906063.480079,16
1761906063.584895,16
1761906063.689801,15
1761906063.795193,16
1761906063.900125,13
1761906064.005666,14
1761906064.111772,9
1761906064.217223,9
1761906064.322550,10
1761906064.428206,11
1761906064.532944,11
1761906064.638169,12
1761906064.743605,12
1761906064.849044,12
1761906064.954785,11
1761906065.059435,12
1761906065.164606,12
1761906065.269808,11
1761906065.375653,12
1761906065.481638,12
1761906065.586927,11
1761906065.691950,13
1761906065.799086,13
1761906065.904292,13
1761906066.008852,14
1761906066.114012,13
1761906066.218262,15
1761906066.323472,14
1761906066.428529,14
1761906066.533410,15
1761906066.638450,15
1761906066.743402,14
1761906066.847790,16
1761906066.952870,15
1761906067.057812,15
1761906067.163085,17
1761906067.268258,16
1761906067.373746,16
1761906067.478572,17
1761906067.584180,16
1761906067.689694,16
1761906067.794785,16
1761906067.901624,18
1761906068.009855,18
1761906068.115318,18
1761906068.222259,19
1761906068.327053,19
1761906068.432483,18
1761906068.538635,17
1761906068.644607,17
1761906068.751034,17
1761906068.856565,17
1761906068.962574,14
1761906069.068589,15
1761906069.174060,13
1761906069.280034,11
1761906069.386007,10
1761906069.491377,12
1761906069.596306,11
1761906069.701326,15
1761906069.807412,15
1761906069.913374,12
1761906070.020059,12
1761906070.126559,11
1761906070.231854,12
1761906070.338198,13
1761906070.444227,13
1761906070.550145,12
1761906070.655512,13
1761906070.760455,12
1761906070.866512,13
1761906070.972352,13
1761906071.076723,12
1761906071.181331,13
1761906071.286469,14
1761906071.391177,14
1761906071.496088,14
1761906071.600865,15
1761906071.705725,15
1761906071.811229,15
1761906071.916784,15
1761906072.021462,15
1761906072.126699,15
1761906072.232293,15
1761906072.337688,16
1761906072.443946,16
1761906072.549299,15
1761906072.654718,16
1761906072.760321,17
1761906072.865377,18
1761906072.969850,19
1761906073.074569,18
1761906073.179716,19
1761906073.284718,18
1761906073.389630,19
1761906073.494614,18
1761906073.599570,17
1761906073.704009,17
1761906073.809522,17
1761906073.914498,17
1761906074.019671,14
1761906074.124842,16
1761906074.229758,11
1761906074.335394,11
1761906074.439841,11
1761906074.544180,13
1761906074.648960,13
1761906074.754919,14
1761906074.859503,15
1761906074.964386,12
1761906075.069331,13
1761906075.174579,11
1761906075.279950,12
1761906075.385288,12
1761906075.489869,13
1761906075.595342,12
1761906075.700762,13
1761906075.806018,13
1761906075.911376,13
1761906076.016845,16
1761906076.122120,15
1761906076.227221,14
1761906076.332412,15
1761906076.437809,15
1761906076.542618,16
1761906076.646951,15
1761906076.751506,15
1761906076.857143,16
1761906076.962343,16
1761906077.067004,16
1761906077.171813,17
1761906077.276558,16
1761906077.381498,16
1761906077.486216,16
1761906077.591665,17
1761906077.696748,16
1761906077.803533,18
1761906077.908895,17
1761906078.014295,18
1761906078.120016,18
1761906078.225730,19
1761906078.330547,19
1761906078.435265,18
1761906078.541033,19
1761906078.646842,18
1761906078.752646,18
1761906078.858413,19
1761906078.963931,19
1761906079.069205,19
1761906079.174635,19
1761906079.280027,19
1761906079.384455,19
1761906079.489957,19
1761906079.595291,17
1761906079.700292,18
1761906079.805734,16
1761906079.910867,13
1761906080.015385,11
1761906080.120392,12
1761906080.226579,12
1761906080.333180,11
1761906080.438614,13
1761906080.544527,12
1761906080.651525,12
1761906080.756793,12
1761906080.861908,12
1761906080.967418,13
1761906081.072561,12
1761906081.177537,13
1761906081.283124,13
1761906081.388203,13
1761906081.494094,13
1761906081.600195,14
1761906081.704875,15
1761906081.810247,15
1761906081.915824,15
1761906082.021210,16
1761906082.127059,15
1761906082.232283,15
1761906082.337239,15
1761906082.442447,16
1761906082.547088,15
1761906082.653465,16
1761906082.759157,16
1761906082.864646,16
1761906082.971001,16
1761906083.075574,17
1761906083.180896,18
1761906083.285942,18
1761906083.391003,18
1761906083.496435,19
1761906083.600911,19
1761906083.705427,19
1761906083.810612,17
1761906083.915576,16
1761906084.020897,16
1761906084.125455,16
1761906084.230300,14
1761906084.335181,13
1761906084.440023,9
1761906084.546709,9
1761906084.652078,10
1761906084.756854,11
1761906084.862311,12
1761906084.967744,14
1761906085.073247,14
1761906085.178607,11
1761906085.283842,12
1761906085.389399,11
1761906085.494992,11
1761906085.600622,12
1761906085.705276,12
1761906085.810414,11
1761906085.915677,13
1761906086.021247,13
1761906086.126669,14
1761906086.231550,14
1761906086.336437,13
1761906086.442215,15
1761906086.548104,13
1761906086.652634,14
1761906086.757867,14
1761906086.862997,14
1761906086.968236,14
1761906087.074100,15
1761906087.179406,15
1761906087.284093,15
1761906087.388645,15
1761906087.493141,16
1761906087.598319,16
1761906087.703168,16
1761906087.807913,16
1761906087.912422,16
1761906088.017118,17
1761906088.121761,17
1761906088.226585,19
1761906088.332133,17
1761906088.437275,18
1761906088.541979,20
1761906088.647702,19
1761906088.752199,17
1761906088.857399,18
1761906088.962429,17
1761906089.068348,17
1761906089.173225,16
1761906089.278491,14
1761906089.384202,14
1761906089.490287,9
1761906089.596223,10
1761906089.701738,11
1761906089.807705,12
1761906089.914027,12
1761906090.020352,16
1761906090.126412,15
1761906090.232212,11
1761906090.337472,12
1761906090.442347,12
1761906090.548405,12
1761906090.653541,12
1761906090.758731,12
1761906090.863755,13
1761906090.968954,12
1761906091.073661,12
1761906091.178804,13
1761906091.283649,13
1761906091.388858,13
1761906091.493203,14
1761906091.598742,14
1761906091.703743,14
1761906091.809305,14
1761906091.916833,16
1761906092.022815,18
1761906092.129052,18
1761906092.234824,16
1761906092.339361,15
1761906092.444964,15
1761906092.550475,17
1761906092.655397,17
1761906092.761569,17
1761906092.866197,17
1761906092.971533,17
1761906093.076980,18
1761906093.182951,16
1761906093.287633,18
1761906093.393647,18
1761906093.498521,16
1761906093.604048,19
1761906093.709133,19
1761906093.814199,16
1761906093.919521,15
1761906094.024216,16
1761906094.128800,12
1761906094.233372,12
1761906094.339494,8
1761906094.444314,11
1761906094.548676,10
1761906094.653218,11
1761906094.758332,11
1761906094.863383,13
1761906094.968436,13
1761906095.074086,14
1761906095.178907,15
1761906095.284068,12
1761906095.389682,11
1761906095.495812,11
1761906095.601417,13
1761906095.706238,13
1761906095.811367,12
1761906095.916155,12
1761906096.020923,12
1761906096.126501,12
1761906096.231621,12
1761906096.336870,13
1761906096.442209,13
1761906096.547585,13
1761906096.653153,15
1761906096.758129,15
1761906096.863673,14
1761906096.969320,14
1761906097.073854,16
1761906097.179482,16
1761906097.284605,15
1761906097.389707,15
1761906097.495138,15
1761906097.600118,16
1761906097.705320,18
1761906097.810285,17
1761906097.915421,17
1761906098.020704,16
1761906098.126661,16
1761906098.231579,17
1761906098.336659,17
1761906098.445034,19
1761906098.549787,17
1761906098.653973,19
1761906098.759275,20
1761906098.864156,17
1761906098.968572,17
1761906099.072734,17
1761906099.178533,17
1761906099.284615,18
1761906099.389898,15
1761906099.494539,14
1761906099.599884,10
1761906099.705003,11
1761906099.809910,10
1761906099.915546,12
1761906100.021267,13
1761906100.127626,14
1761906100.232458,11
1761906100.338196,12
1761906100.443883,11
1761906100.549438,10
1761906100.655671,12
1761906100.763198,14
1761906100.868508,12
1761906100.974043,12
1761906101.078791,14
1761906101.183882,13
1761906101.288967,13
1761906101.393732,14
1761906101.498201,14
1761906101.602993,15
1761906101.707442,14
1761906101.812745,14
1761906101.917782,14
1761906102.023127,14
1761906102.127689,15
1761906102.232499,16
1761906102.337672,16
1761906102.443639,15
1761906102.548002,16
1761906102.652416,16
1761906102.757805,15
1761906102.862974,16
1761906102.967652,16
1761906103.072979,15
1761906103.179017,17
1761906103.285434,18
1761906103.390272,19
1761906103.495921,19
1761906103.601603,19
1761906103.706975,20
1761906103.811736,19
1761906103.916673,17
1761906104.021631,18
1761906104.126080,17
1761906104.230928,17
1761906104.335640,14
1761906104.440546,14
1761906104.545862,11
1761906104.651198,11
1761906104.755875,11
1761906104.860775,10
1761906104.965608,12
1761906105.070840,11
1761906105.175512,15
1761906105.280381,13
1761906105.384952,12
1761906105.490674,11
1761906105.596224,12
1761906105.700720,11
1761906105.806818,12
1761906105.912251,13
1761906106.016804,13
1761906106.121902,12
1761906106.227078,14
1761906106.331705,13
1761906106.437403,13
1761906106.543175,15
1761906106.648791,14
1761906106.753618,15
1761906106.859269,14
1761906106.963684,15
1761906107.068971,15
1761906107.174675,14
1761906107.280286,15
1761906107.385536,15
1761906107.491262,15
1761906107.596848,16
1761906107.701447,16
1761906107.806752,16
1761906107.911367,16
1761906108.016348,16
1761906108.121508,17
1761906108.227062,17
1761906108.331807,18
1761906108.437237,18
1761906108.542057,18
1761906108.647929,19
1761906108.753051,19
1761906108.857409,19
1761906108.962765,16
1761906109.068049,17
1761906109.173688,17
1761906109.279488,15
1761906109.384312,16
1761906109.489775,12
1761906109.594804,11
1761906109.700148,11
1761906109.805211,13
1761906109.910417,14
1761906110.016107,11
1761906110.122091,11
1761906110.227456,11
1761906110.332417,13
1761906110.438387,11
1761906110.544212,11
1761906110.649865,12
1761906110.754993,12
1761906110.860263,12
1761906110.966008,13
1761906111.070359,13
1761906111.174945,13
1761906111.280733,13
1761906111.386102,13
1761906111.490894,14
1761906111.596168,13
1761906111.701455,14
1761906111.806076,14
1761906111.910274,14
1761906112.014822,14
1761906112.119744,15
1761906112.224479,15
1761906112.329248,15
1761906112.434512,15
1761906112.539040,16
1761906112.643873,16
1761906112.749058,16
1761906112.854020,16
1761906112.958769,16
1761906113.063039,18
1761906113.167623,17
1761906113.274894,18
1761906113.380697,18
1761906113.485542,17
1761906113.591140,19
1761906113.696735,19
1761906113.802286,17
1761906113.907788,17
1761906114.013264,17
1761906114.118801,17
1761906114.224509,15
1761906114.329753,14
1761906114.434638,12
1761906114.539259,10
1761906114.644817,10
1761906114.749474,11
1761906114.853916,11
1761906114.958819,12
1761906115.064071,15
1761906115.168963,15
1761906115.273992,12
1761906115.379576,12
1761906115.484420,12
1761906115.591105,13
1761906115.695942,12
1761906115.801159,12
1761906115.906210,14
1761906116.011291,13
1761906116.116487,13
1761906116.220962,14
1761906116.326301,13
1761906116.431315,13
1761906116.536674,15
1761906116.641141,14
1761906116.745761,14
1761906116.850118,14
1761906116.954683,15
1761906117.060556,15
1761906117.164977,16
1761906117.269831,15
1761906117.375476,15
1761906117.480439,15
1761906117.585754,16
1761906117.691193,16
1761906117.796949,16
1761906117.902208,16
1761906118.006427,17
1761906118.111071,17
1761906118.219942,16
1761906118.324193,19
1761906118.428636,18
1761906118.534489,16
1761906118.639600,19
1761906118.744090,19
1761906118.849178,19
1761906118.953948,18
1761906119.058219,17
1761906119.163689,17
1761906119.268586,15
1761906119.373967,14
1761906119.479295,9
1761906119.584690,11
1761906119.690709,10
1761906119.795833,12
1761906119.900265,13
1761906120.005610,13
1761906120.110764,14
1761906120.216849,15
1761906120.322678,12
1761906120.428585,12
1761906120.535822,11
1761906120.641461,12
1761906120.747444,12
1761906120.852884,12
1761906120.958379,14
1761906121.064062,13
1761906121.169644,13
1761906121.274812,13
1761906121.380832,14
1761906121.485685,14
1761906121.590235,14
1761906121.695291,14
1761906121.800062,14
1761906121.904652,14
1761906122.009490,15
1761906122.114337,15
1761906122.219788,14
1761906122.324434,15
1761906122.429105,16
1761906122.534446,16
1761906122.639478,15
1761906122.744554,16
1761906122.850036,16
1761906122.954675,15
1761906123.058972,17
1761906123.163445,17
1761906123.268878,17
1761906123.374538,18
1761906123.479647,18
1761906123.585087,18
1761906123.690576,18
1761906123.796243,19
1761906123.901207,18
1761906124.007172,18
1761906124.111644,18
1761906124.216045,19
1761906124.321242,19
1761906124.426294,18
1761906124.532603,18
1761906124.637372,19
1761906124.742728,19
1761906124.848029,17
1761906124.953493,17
1761906125.059059,19
1761906125.163651,14
1761906125.268587,11
1761906125.373057,12
1761906125.478979,12
1761906125.583582,12
1761906125.689059,11
1761906125.793826,12
1761906125.898549,11
1761906126.003477,13
1761906126.108025,12
1761906126.212328,13
1761906126.316868,12
1761906126.422763,13
1761906126.528302,13
1761906126.633013,13
1761906126.738046,13
1761906126.843653,14
1761906126.948900,14
1761906127.054506,14
1761906127.159624,14
1761906127.264492,15
1761906127.370330,14
1761906127.476527,15
1761906127.581181,15
1761906127.686367,15
1761906127.791353,15
1761906127.896243,16
1761906128.001218,16
1761906128.105707,15
1761906128.209927,16
1761906128.315250,17
1761906128.420090,17
1761906128.525187,18
1761906128.630313,18
1761906128.735418,18
1761906128.841454,19
1761906128.947674,19
1761906129.053986,19
1761906129.159237,18
1761906129.264465,17
1761906129.370299,16
1761906129.475796,15
1761906129.581948,13
1761906129.688011,12
1761906129.793686,9
1761906129.898495,10
1761906130.004532,10
1761906130.109904,12
1761906130.215050,12
1761906130.319695,14
1761906130.424922,14
1761906130.529745,12
1761906130.634764,12
1761906130.740055,11
1761906130.845040,12
1761906130.950732,12
1761906131.056594,12
1761906131.161425,12
1761906131.266138,13
1761906131.371532,13
1761906131.477255,13
1761906131.583412,14
1761906131.688089,14
1761906131.793553,13
1761906131.898265,15
1761906132.003976,14
1761906132.108590,15
1761906132.214064,15
1761906132.318662,15
1761906132.424572,15
1761906132.529295,15
1761906132.634523,15
1761906132.739654,16
1761906132.844512,16
1761906132.949691,15
1761906133.055019,16
1761906133.159923,16
1761906133.264735,16
1761906133.369594,17
1761906133.474796,17
1761906133.579831,18
1761906133.684997,18
1761906133.789936,18
1761906133.895447,19
1761906134.001368,18
1761906134.105944,19
1761906134.211405,17
1761906134.316554,16
1761906134.422236,17
1761906134.528049,14
1761906134.633982,15
1761906134.739559,9
1761906134.846180,10
1761906134.950945,11
1761906135.057072,11
1761906135.162965,13
1761906135.267919,13
1761906135.373225,16
1761906135.478983,15
1761906135.584086,12
1761906135.688510,14
1761906135.794044,12
1761906135.899569,11
1761906136.004880,12
1761906136.110072,12
1761906136.215152,12
1761906136.320458,12
1761906136.425255,13
1761906136.530577,13
1761906136.635755,13
1761906136.740927,14
1761906136.846058,14
1761906136.950548,14
1761906137.055874,14
1761906137.161717,15
1761906137.267392,15
1761906137.373462,14
1761906137.479012,15
1761906137.583998,15
1761906137.689131,15
1761906137.794476,16
1761906137.899127,16
1761906138.004872,16
1761906138.110135,16
1761906138.215800,17
1761906138.321151,17
1761906138.427070,16
1761906138.531839,17
1761906138.637237,18
1761906138.742521,18
1761906138.848294,19
1761906138.952768,19
1761906139.057971,19
1761906139.163122,19
1761906139.268489,18
1761906139.373014,18
1761906139.478241,17
1761906139.583451,19
1761906139.689265,19
1761906139.793657,19
1761906139.898700,19
1761906140.004119,19
1761906140.109181,19
1761906140.214879,17
1761906140.319697,18
1761906140.424664,18
1761906140.530794,14
1761906140.635254,11
1761906140.740904,11
1761906140.846072,12
1761906140.952183,11
1761906141.057864,11
1761906141.162461,12
1761906141.266635,12
1761906141.371760,12
1761906141.476802,12
1761906141.582587,13
1761906141.687345,13
1761906141.792463,13
1761906141.897456,13
1761906142.002968,14
1761906142.108165,13
1761906142.213824,14
1761906142.318952,15
1761906142.424795,14
1761906142.529056,14
1761906142.633945,16
1761906142.738933,15
1761906142.844098,15
1761906142.948541,16
1761906143.053239,16
1761906143.158093,15
1761906143.263197,16
1761906143.367468,16
1761906143.472211,16
1761906143.576933,16
1761906143.681686,17
1761906143.786427,17
1761906143.891439,18
1761906143.997113,18
1761906144.101982,17
1761906144.207251,19
1761906144.311511,19
1761906144.416522,17
1761906144.521674,17
1761906144.627340,17
1761906144.731956,17
1761906144.837157,14
1761906144.942164,15
1761906145.047875,12
1761906145.152259,10
1761906145.257329,11
1761906145.362291,10
1761906145.468012,12
1761906145.572612,14
1761906145.678133,16
1761906145.783240,14
1761906145.888941,12
1761906145.993499,12
1761906146.098506,12
1761906146.203240,11
1761906146.308324,12
1761906146.413592,12
1761906146.517909,12
1761906146.622076,13
1761906146.726881,13
1761906146.831356,13
1761906146.936032,13
1761906147.040972,14
1761906147.146370,14
1761906147.250674,14
1761906147.355637,14
1761906147.460567,14
1761906147.565987,15
1761906147.670301,14
1761906147.775886,15
1761906147.880973,15
1761906147.986730,15
1761906148.091032,16
1761906148.196179,16
1761906148.305754,16
1761906148.410508,17
1761906148.515900,16
1761906148.621007,18
1761906148.727222,17
1761906148.831821,17
1761906148.936897,19
1761906149.041935,18
1761906149.147729,18
1761906149.252035,20
1761906149.357291,19
1761906149.463647,19
1761906149.568782,18
1761906149.674543,18
1761906149.779649,17
1761906149.884914,19
1761906149.990076,19
1761906150.096376,19
1761906150.201652,19
1761906150.307172,19
1761906150.412446,19
1761906150.517554,19
1761906150.622748,19
1761906150.728015,19
1761906150.833784,20
1761906150.938312,19
1761906151.043550,20
1761906151.148619,19
1761906151.254535,18
1761906151.359192,19
1761906151.464317,14
1761906151.570026,9
1761906151.676446,10
1761906151.782421,11
1761906151.888359,11
1761906151.993772,11
1761906152.099436,11
1761906152.205135,12
1761906152.314853,11
1761906152.420329,12
1761906152.526258,12
1761906152.631650,13
1761906152.737290,13
1761906152.843696,14
1761906152.949428,15
1761906153.054621,14
1761906153.160347,17
1761906153.265480,15
1761906153.370583,19
1761906153.475776,19
1761906153.580938,15
1761906153.685914,17
1761906153.791362,16
1761906153.896197,15
1761906154.008012,16
1761906154.114107,16
1761906154.219587,16
1761906154.324894,16
1761906154.430204,17
1761906154.535630,15
1761906154.640814,16
1761906154.746643,16
1761906154.852187,17
1761906154.958256,16
1761906155.064117,17
1761906155.169321,17
1761906155.275065,17
1761906155.381185,18
1761906155.486965,19
1761906155.592289,18
1761906155.697964,18
1761906155.804240,18
1761906155.909998,18
1761906156.015340,18
1761906156.121091,19
1761906156.227176,19
1761906156.332902,19
1761906156.438208,19
1761906156.543934,20
1761906156.649350,19
1761906156.754480,19
1761906156.859635,20
1761906156.964387,18
1761906157.069139,17
1761906157.174920,19
1761906157.279809,16
1761906157.384907,16
1761906157.489876,13
1761906157.595080,9
1761906157.699784,11
1761906157.804986,11
1761906157.909721,11
1761906158.015063,13
1761906158.119980,18
1761906158.225306,18
1761906158.331996,11
1761906158.437822,14
1761906158.543801,12
1761906158.649603,12
1761906158.754907,13
1761906158.860591,13
1761906158.966700,13
1761906159.072738,13
1761906159.178577,14
1761906159.283766,14
1761906159.389489,13
1761906159.495564,15
1761906159.601485,14
1761906159.706679,14
1761906159.812566,15
1761906159.918734,15
1761906160.024597,15
1761906160.129820,15
1761906160.235496,16
1761906160.341582,16
1761906160.447345,15
1761906160.552931,17
1761906160.658997,16
1761906160.764860,16
1761906160.870543,17
1761906160.975898,17
1761906161.081448,17
1761906161.187041,17
1761906161.291922,17
1761906161.397582,19
1761906161.502669,18
1761906161.607960,19
1761906161.712937,19
1761906161.818473,19
1761906161.924583,19
1761906162.030129,18
1761906162.135665,20
1761906162.241015,19
1761906162.346638,19
1761906162.452782,19
1761906162.558531,19
1761906162.663765,19
1761906162.769547,19
1761906162.875672,19
1761906162.981493,17
1761906163.088410,18
1761906163.193926,18
1761906163.300277,14
1761906163.406128,11
1761906163.511502,12
1761906163.617005,12
1761906163.722090,11
1761906163.827272,11
1761906163.934498,12
1761906164.040072,12
1761906164.145311,12
1761906164.250450,12
1761906164.355469,13
1761906164.460781,13
1761906164.566042,13
1761906164.671007,13
1761906164.776204,14
1761906164.881078,13
1761906164.986179,14
1761906165.091332,14
1761906165.196589,13
1761906165.302267,14
1761906165.407607,15
1761906165.513382,16
1761906165.619082,16
1761906165.725028,15
1761906165.830744,16
1761906165.936452,15
1761906166.042230,16
1761906166.147982,16
1761906166.254229,16
1761906166.359746,16
1761906166.465491,17
1761906166.571234,18
1761906166.677033,19
1761906166.785133,18
1761906166.891223,19
1761906166.996636,19
1761906167.102393,19
1761906167.207321,17
1761906167.312350,17
1761906167.417246,17
1761906167.522457,17
1761906167.628129,15
1761906167.733439,15
1761906167.838570,11
1761906167.946511,11
1761906168.051477,11
1761906168.156417,11
1761906168.261997,12
1761906168.366869,14
1761906168.472560,15
1761906168.577537,15
1761906168.684051,12
1761906168.789944,12
1761906168.895200,12
1761906169.001352,11
1761906169.107851,12
1761906169.214213,12
1761906169.320443,12
1761906169.426567,13
1761906169.533043,13
1761906169.639242,12
1761906169.745517,14
1761906169.851560,15
1761906169.957081,14
1761906170.063290,14
1761906170.169360,14
1761906170.275518,15
1761906170.382164,14
1761906170.488442,15
1761906170.594166,15
1761906170.699183,15
1761906170.804387,16
1761906170.909214,17
1761906171.014427,16
1761906171.119851,16
1761906171.226024,17
1761906171.331363,16
1761906171.436382,17
1761906171.541487,17
1761906171.646321,17
1761906171.751368,18
1761906171.856504,18
1761906171.961579,18
1761906172.066811,19
1761906172.171852,18
1761906172.277327,18
1761906172.383495,18
1761906172.489098,18
1761906172.595174,19
1761906172.700381,19
1761906172.806187,19
1761906172.912321,17
1761906173.017705,19
1761906173.124072,20
1761906173.229263,17
1761906173.334973,18
1761906173.440700,19
1761906173.546734,14
1761906173.652405,11
1761906173.757530,11
1761906173.863277,12
1761906173.969492,12
1761906174.075494,11
1761906174.180503,11
1761906174.285545,12
1761906174.390326,12
1761906174.495579,12
1761906174.600434,13
1761906174.705484,13
1761906174.811147,13
1761906174.915983,13
1761906175.020606,13
1761906175.125271,13
1761906175.230373,13
1761906175.335228,14
1761906175.440882,14
1761906175.545724,14
1761906175.650997,15
1761906175.755755,15
1761906175.861405,15
1761906175.966492,15
1761906176.072344,16
1761906176.178434,16
1761906176.284268,15
1761906176.390031,16
1761906176.495250,16
1761906176.600868,15
1761906176.707091,17
1761906176.812773,17
1761906176.918788,18
1761906177.024681,18
1761906177.129770,19
1761906177.235436,19
1761906177.341559,18
1761906177.447350,19
1761906177.552563,17
1761906177.657876,17
1761906177.762919,17
1761906177.867969,15
1761906177.972846,15
1761906178.078109,13
1761906178.182954,10
1761906178.288052,11
1761906178.393359,10
1761906178.498728,12
1761906178.603752,12
1761906178.708977,15
1761906178.814033,14
1761906178.919192,12
1761906179.024191,12
1761906179.129309,12
1761906179.234149,11
1761906179.339865,12
1761906179.446080,12
1761906179.551810,13
1761906179.657040,12
1761906179.764895,14
1761906179.872072,13
1761906179.978032,13
1761906180.084382,14
1761906180.190744,14
1761906180.296484,13
1761906180.402805,14
1761906180.508561,15
1761906180.614763,15
1761906180.721324,14
1761906180.827515,15
1761906180.933429,15
1761906181.039498,15
1761906181.144524,16
1761906181.250351,17
1761906181.356439,16
1761906181.461782,16
1761906181.566564,17
1761906181.671731,17
1761906181.776509,16
1761906181.881583,18
1761906181.986560,18
1761906182.091881,18
1761906182.196996,18
1761906182.301826,19
1761906182.407069,19
1761906182.512161,19
1761906182.616976,18
1761906182.722143,19
1761906182.827596,17
1761906182.933289,19
1761906183.039412,19
1761906183.145039,19
1761906183.250546,19
1761906183.356348,19
1761906183.462446,19
1761906183.568148,17
1761906183.673435,19
1761906183.779697,15
1761906183.885422,11
1761906183.990625,11
1761906184.096476,11
1761906184.203585,12
1761906184.309297,11
1761906184.414625,11
1761906184.520638,11
1761906184.625787,12
1761906184.730830,11
1761906184.835718,12
1761906184.941216,12
1761906185.046061,13
1761906185.151149,12
1761906185.255809,13
1761906185.360872,13
1761906185.466745,13
1761906185.571933,14
1761906185.677127,14
1761906185.782021,13
1761906185.887262,14
1761906185.992223,15
1761906186.097626,16
1761906186.203023,15
1761906186.308706,15
1761906186.418082,15
1761906186.524522,14
1761906186.629944,16
1761906186.735808,16
1761906186.842095,17
1761906186.947934,16
1761906187.053471,16
1761906187.159300,18
1761906187.265536,17
1761906187.371226,18
1761906187.476998,19
1761906187.582227,19
1761906187.688165,19
1761906187.794014,18
1761906187.900295,19
1761906188.005884,18
1761906188.111452,18
1761906188.217017,18
1761906188.322565,17
1761906188.427965,19
1761906188.532973,19
1761906188.638142,18
1761906188.742948,19
1761906188.848412,19
1761906188.954037,19
1761906189.060320,16
1761906189.166202,16
1761906189.271496,17
1761906189.376840,10
1761906189.482538,7
1761906189.591821,3
1761906189.698048,4
1761906189.804819,5
1761906189.911605,6
1761906190.017765,6
1761906190.123408,7
1761906190.229455,7
1761906190.336406,7
1761906190.443482,8
1761906190.549468,9
1761906190.654741,9
1761906190.760588,8
1761906190.867511,9
1761906190.973524,9
1761906191.078935,9
1761906191.184909,10
1761906191.291018,9
1761906191.397592,11
1761906191.503820,11
1761906191.609208,11
1761906191.717409,11
1761906191.825327,13
1761906191.930476,12
1761906192.036360,11
1761906192.141452,13
1761906192.246386,12
1761906192.351532,14
1761906192.456751,14
1761906192.561622,14
1761906192.667369,19
1761906192.772771,18
1761906192.877785,18
1761906192.982944,13
1761906193.087749,14
1761906193.193169,13
1761906193.300067,10
1761906193.405987,12
1761906193.511365,6
1761906193.617573,8
1761906193.723524,9
1761906193.829327,8
1761906193.934910,8
1761906194.040774,8
1761906194.146451,10
1761906194.252151,9
1761906194.357918,9
1761906194.464201,10
1761906194.572083,10
1761906194.677503,10
1761906194.783428,10
1761906194.889832,12
1761906194.995782,10
1761906195.100988,11
1761906195.206046,12
1761906195.311451,12
1761906195.416701,12
1761906195.522048,13
1761906195.627269,13
1761906195.732598,12
1761906195.837744,13
1761906195.942443,14
1761906196.047647,14
1761906196.152437,13
1761906196.257744,14
1761906196.362616,14
1761906196.468304,14
1761906196.573350,15
1761906196.678061,15
1761906196.783074,16
1761906196.888911,16
1761906196.995103,19
1761906197.100891,20
1761906197.206124,19
1761906197.311975,15
1761906197.418187,16
1761906197.523956,15
1761906197.629226,12
1761906197.735124,13
1761906197.841398,10
1761906197.947185,9
1761906198.052669,9
1761906198.158477,11
1761906198.264692,12
1761906198.370435,11
1761906198.476182,11
1761906198.582045,11
1761906198.688230,10
1761906198.793822,10
1761906198.898945,11
1761906199.004337,11
1761906199.109253,11
1761906199.214581,12
1761906199.319835,12
1761906199.425136,11
1761906199.531324,12
1761906199.637025,13
1761906199.742204,13
1761906199.848098,13
1761906199.954298,14
1761906200.060069,14
1761906200.165395,13
1761906200.271434,14
1761906200.377827,14
1761906200.483893,15
1761906200.589911,14
1761906200.696091,15
1761906200.802622,15
1761906200.908510,15
1761906201.014009,15
1761906201.120079,16
1761906201.226143,16
1761906201.331754,16
1761906201.437659,17
1761906201.543425,17
1761906201.649506,16
1761906201.755404,20
1761906201.860776,19
1761906201.966951,16
1761906202.072625,17
1761906202.177658,17
1761906202.282802,18
1761906202.387836,18
1761906202.493562,18
1761906202.598126,19
1761906202.702785,19
1761906202.808026,19
1761906202.912985,19
1761906203.018376,19
1761906203.122783,19
1761906203.227683,19
1761906203.332478,20
1761906203.437975,19
1761906203.542548,19
1761906203.647920,13
1761906203.752818,8
1761906203.858842,6
1761906203.964741,5
1761906204.071138,5
1761906204.177244,6
1761906204.283014,6
1761906204.389827,8
1761906204.495457,8
1761906204.601427,7
1761906204.707360,8
1761906204.813618,9
1761906204.919589,9
1761906205.025676,9
1761906205.132289,10
1761906205.238247,10
1761906205.344637,10
1761906205.450190,10
1761906205.556071,11
1761906205.660804,10
1761906205.765658,11
1761906205.870549,11
1761906205.975911,12
1761906206.080883,11
1761906206.186133,12
1761906206.290543,12
1761906206.395292,12
1761906206.500438,12
1761906206.606346,13
1761906206.711251,13
1761906206.816244,14
1761906206.921194,15
1761906207.026359,19
1761906207.131222,19
1761906207.236779,17
1761906207.342181,14
1761906207.448052,15
1761906207.554007,14
1761906207.660212,15
1761906207.765833,16
1761906207.871697,16
1761906207.977518,17
1761906208.083888,16
1761906208.189374,18
1761906208.295243,18
1761906208.401098,16
1761906208.507492,17
1761906208.613053,18
1761906208.718824,17
1761906208.826219,18
1761906208.932213,17
1761906209.038030,17
1761906209.143863,18
1761906209.249955,18
1761906209.355496,17
1761906209.461262,18
1761906209.567051,18
1761906209.673010,18
1761906209.779061,18
1761906209.884344,19
1761906209.989794,19
1761906210.095553,18
1761906210.201131,19
1761906210.305711,19
1761906210.410280,19
1761906210.514886,19
1761906210.619205,19
1761906210.723449,20
1761906210.829781,19
1761906210.935835,19
1761906211.041967,19
1761906211.148053,17
1761906211.254016,16
1761906211.360089,15
1761906211.466210,11
1761906211.572137,11
1761906211.678512,17
1761906211.784177,18
1761906211.890084,11
1761906211.996049,12
1761906212.103681,12
1761906212.209224,12
1761906212.315357,11
1761906212.422480,13
1761906212.528402,13
1761906212.634131,13
1761906212.738556,13
1761906212.843209,13
1761906212.948106,14
1761906213.053589,13
1761906213.158272,14
1761906213.263521,14
1761906213.368636,14
1761906213.473709,14
1761906213.578905,15
1761906213.683836,15
1761906213.788561,15
1761906213.893404,15
1761906213.999023,16
1761906214.103649,16
1761906214.208594,16
1761906214.314087,16
1761906214.420507,16
1761906214.526462,16
1761906214.633469,18
1761906214.739397,17
1761906214.846728,17
1761906214.952637,18
1761906215.058538,18
1761906215.165818,19
1761906215.271513,19
1761906215.377476,20
1761906215.483282,19
1761906215.589238,17
1761906215.695159,17
1761906215.801584,17
1761906215.907284,14
1761906216.013289,14
1761906216.119138,13
1761906216.224115,11
1761906216.328978,11
1761906216.434249,11
1761906216.539091,12
1761906216.643565,13
1761906216.749021,13
1761906216.853856,15
1761906216.960183,16
1761906217.064735,13
1761906217.169549,13
1761906217.275199,12
1761906217.379625,13
1761906217.484750,12
1761906217.589486,13
1761906217.695061,13
1761906217.799305,13
1761906217.904310,13
1761906218.009144,14
1761906218.114699,14
1761906218.220599,14
1761906218.325640,15
1761906218.431414,15
1761906218.536380,15
1761906218.641492,16
1761906218.746495,15
1761906218.852173,16
1761906218.956555,16
1761906219.061660,16
1761906219.166654,17
1761906219.272541,15
1761906219.378000,16
1761906219.484124,17
1761906219.589695,17
1761906219.695942,16
1761906219.801725,17
1761906219.907312,17
1761906220.012785,16
1761906220.118788,19
1761906220.224094,20
1761906220.329448,19
1761906220.435023,19
1761906220.541359,19
1761906220.646628,19
1761906220.752446,16
1761906220.860118,16
1761906220.964696,13
1761906221.069962,14
1761906221.174331,11
1761906221.279300,8
1761906221.384365,10
1761906221.490183,10
1761906221.595950,10
1761906221.701379,12
1761906221.806657,12
1761906221.912457,12
1761906222.017115,12
1761906222.122799,12
1761906222.228395,12
1761906222.332971,11
1761906222.438021,12
1761906222.543460,12
1761906222.649177,13
1761906222.753816,13
1761906222.862035,13
1761906222.967612,12
1761906223.073127,13
1761906223.178207,13
1761906223.283692,14
1761906223.389053,13
1761906223.493661,14
1761906223.598480,14
1761906223.703286,13
1761906223.808676,15
1761906223.913079,15
1761906224.017774,15
1761906224.122764,15
1761906224.227923,15
1761906224.332176,16
1761906224.437205,15
1761906224.542287,16
1761906224.647577,16
1761906224.752009,16
1761906224.856989,17
1761906224.961930,17
1761906225.067536,17
1761906225.173228,18
1761906225.277765,18
1761906225.382831,17
1761906225.487666,19
1761906225.592676,19
1761906225.697737,17
1761906225.803470,17
1761906225.908825,17
1761906226.014862,17
1761906226.120476,15
1761906226.226748,16
1761906226.332367,9
1761906226.438659,11
1761906226.544382,12
1761906226.650538,11
1761906226.755079,12
1761906226.859828,13
1761906226.964729,15
1761906227.069356,16
1761906227.173996,12
1761906227.278680,14
1761906227.383805,12
1761906227.488106,12
1761906227.592757,13
1761906227.697615,12
1761906227.802852,12
1761906227.906964,13
1761906228.011260,13
1761906228.116873,12
1761906228.221221,13
1761906228.326180,14
1761906228.431180,14
1761906228.537217,14
1761906228.643761,14
1761906228.749684,15
1761906228.854978,14
1761906228.960930,15
1761906229.066623,15
1761906229.172985,14
1761906229.278384,15
1761906229.384335,16
1761906229.489979,16
1761906229.596270,17
1761906229.701700,16
1761906229.807291,18
1761906229.913631,16
1761906230.019061,17
1761906230.125180,17
1761906230.230387,18
1761906230.336578,18
1761906230.441383,19
1761906230.546514,19
1761906230.651997,19
1761906230.757521,19
1761906230.861776,18
1761906230.966644,18
1761906231.071651,19
1761906231.176745,19
1761906231.281560,19
1761906231.386332,18
1761906231.490800,19
1761906231.595653,19
1761906231.700667,19
1761906231.806294,17
1761906231.910753,18
1761906232.015896,17
1761906232.121027,13
1761906232.226683,11
1761906232.330885,12
1761906232.436392,12
1761906232.541038,11
1761906232.645822,11
1761906232.751192,12
1761906232.856266,12
1761906232.962808,12
1761906233.067463,12
1761906233.172738,13
1761906233.278396,12
1761906233.384110,13
1761906233.488678,13
1761906233.593111,14
1761906233.697789,13
1761906233.803277,14
1761906233.907598,14
1761906234.012383,14
1761906234.117017,15
1761906234.221443,15
1761906234.326672,15
1761906234.430820,15
1761906234.536507,15
1761906234.641577,16
1761906234.747539,15
1761906234.852877,16
1761906234.958048,16
1761906235.063230,15
1761906235.168020,16
1761906235.273351,17
1761906235.377877,17
1761906235.483774,17
1761906235.589355,18
1761906235.694440,18
1761906235.800135,19
1761906235.906176,19
1761906236.011871,18
1761906236.117053,17
1761906236.222704,17
1761906236.328870,17
1761906236.434735,17
1761906236.540729,14
1761906236.646789,17
1761906236.751699,12
1761906236.856725,11
1761906236.961739,11
1761906237.067477,13
1761906237.171757,13
1761906237.276352,15
1761906237.381292,15
1761906237.486741,12
1761906237.591015,13
1761906237.695970,11
1761906237.801010,12
1761906237.905900,12
1761906238.010556,13
1761906238.115453,12
1761906238.220720,13
1761906238.325104,13
1761906238.429860,13
1761906238.534813,14
1761906238.640119,14
1761906238.744854,14
1761906238.849862,14
1761906238.955037,15
1761906239.060759,15
1761906239.165247,14
1761906239.270352,15
1761906239.375825,15
1761906239.482196,14
1761906239.587612,16
1761906239.693753,16
1761906239.799354,17
1761906239.905676,17
1761906240.011379,16
1761906240.117437,17
1761906240.223237,16
1761906240.328507,17
1761906240.434017,17
1761906240.539174,18
1761906240.644267,18
1761906240.749385,19
1761906240.853595,19
1761906240.958006,18
1761906241.062249,19
1761906241.166395,18
1761906241.270606,19
1761906241.374786,20
1761906241.479050,19
1761906241.583169,19
1761906241.687603,18
1761906241.792103,19
1761906241.896425,19
1761906242.000771,19
1761906242.105168,17
1761906242.209246,19
1761906242.313451,17
1761906242.417649,14
1761906242.522228,11
1761906242.626557,12
1761906242.730755,12
1761906242.835362,11
1761906242.939520,11
1761906243.043734,12
1761906243.147945,12
1761906243.252166,12
1761906243.356572,12
1761906243.460912,14
1761906243.565008,13
1761906243.669312,13
1761906243.774040,13
1761906243.878345,14
1761906243.982520,13
1761906244.087376,14
1761906244.191787,14
1761906244.295976,14
1761906244.400286,15
1761906244.505165,15
1761906244.609525,15
1761906244.713855,15
1761906244.818720,15
1761906244.923386,16
1761906245.027791,15
1761906245.132017,17
1761906245.236198,16
1761906245.341583,17
1761906245.446550,17
1761906245.550816,18
1761906245.655180,18
1761906245.760159,18
1761906245.864620,18
1761906245.969036,18
1761906246.073478,19
1761906246.178248,19
1761906246.282562,18
1761906246.386989,17
1761906246.491629,17
1761906246.595779,18
1761906246.700154,17
1761906246.805030,16
1761906246.910359,17
1761906247.014677,14
1761906247.118927,10
1761906247.223064,11
1761906247.327782,12
1761906247.432171,13
1761906247.536389,15
1761906247.640664,15
1761906247.744909,12
1761906247.849055,13
1761906247.953133,12
1761906248.057220,12
1761906248.161989,13
1761906248.266220,13
1761906248.370639,12
1761906248.475125,13
1761906248.579685,13
1761906248.683941,12
1761906248.788128,13
1761906248.893450,14
1761906248.998000,14
1761906249.102338,14
1761906249.206682,15
1761906249.313364,14
1761906249.417485,6
1761906249.521996,0
1761906249.626177,0
1761906249.730981,0
1761906249.836100,0
1761906249.941389,0
1761906250.047527,0
1761906250.152875,0
1761906250.257678,0
1761906250.362441,0
1761906250.467116,0
1761906250.572084,0
1761906250.676392,0
