1761906252.448352,0
1761906252.554927,4
1761906252.659969,12
1761906252.765209,18
1761906252.871634,26
1761906252.976796,35
1761906253.081487,42
1761906253.185980,47
1761906253.290389,54
1761906253.395121,61
1761906253.500639,66
1761906253.605376,72
1761906253.710660,81
1761906253.815363,88
1761906253.920062,94
1761906254.025388,99
1761906254.130295,99
1761906254.234966,99
1761906254.339545,99
1761906254.444394,99
1761906254.548998,99
1761906254.653522,99
1761906254.758088,99
1761906254.862512,98
1761906254.967820,100
1761906255.073067,99
1761906255.178643,100
1761906255.283175,100
1761906255.387641,99
1761906255.493075,97
1761906255.597730,97
1761906255.702613,95
1761906255.809170,94
1761906255.913704,95
1761906256.018358,94
1761906256.123263,91
1761906256.227601,92
1761906256.331999,91
1761906256.436751,95
1761906256.541390,99
1761906256.646480,99
1761906256.751067,99
1761906256.855512,99
1761906256.960661,99
1761906257.065215,99
1761906257.169578,99
1761906257.273969,99
1761906257.378347,98
1761906257.482942,98
1761906257.587323,99
1761906257.691918,99
1761906257.796919,99
1761906257.901303,99
1761906258.006052,99
1761906258.111521,99
1761906258.216710,99
1761906258.321960,97
1761906258.426600,97
1761906258.531652,96
1761906258.635984,97
1761906258.740638,97
1761906258.844948,97
1761906258.950045,95
1761906259.054870,95
1761906259.159574,97
1761906259.263927,97
1761906259.369196,97
1761906259.475594,98
1761906259.581784,99
1761906259.687317,100
1761906259.793020,99
1761906259.898639,99
1761906260.004119,98
1761906260.110456,97
1761906260.216287,99
1761906260.321665,99
1761906260.426804,99
1761906260.532023,99
1761906260.637660,99
1761906260.743398,99
1761906260.848524,98
1761906260.953847,99
1761906261.058764,99
1761906261.163244,99
1761906261.268568,98
1761906261.373583,97
1761906261.478294,96
1761906261.582783,90
1761906261.687333,90
1761906261.791986,90
1761906261.896365,89
1761906262.001401,88
1761906262.106231,90
1761906262.210679,91
1761906262.314867,90
1761906262.419308,89
1761906262.523988,89
1761906262.629563,89
1761906262.734460,89
1761906262.839108,88
1761906262.943608,88
1761906263.048792,89
1761906263.153288,87
1761906263.259592,90
1761906263.364375,88
1761906263.469149,89
1761906263.573335,87
1761906263.677791,87
1761906263.782815,87
1761906263.887222,84
1761906263.991723,84
1761906264.096226,84
1761906264.200755,85
1761906264.305521,84
1761906264.409742,84
1761906264.514549,84
1761906264.619070,84
1761906264.723842,84
1761906264.828288,86
1761906264.932624,84
1761906265.037583,86
1761906265.142157,84
1761906265.246451,85
1761906265.350883,84
1761906265.455838,84
1761906265.560352,85
1761906265.664891,83
1761906265.769946,85
1761906265.874367,84
1761906265.979078,84
1761906266.083940,84
1761906266.190193,85
1761906266.295025,85
1761906266.399347,86
1761906266.504772,84
1761906266.609401,86
1761906266.714063,84
1761906266.818822,84
1761906266.923244,84
1761906267.027888,84
1761906267.132945,85
1761906267.237392,84
1761906267.341885,86
1761906267.446635,85
1761906267.551029,84
1761906267.655516,85
1761906267.760133,85
1761906267.869573,85
1761906267.974420,86
1761906268.079096,85
1761906268.183971,87
1761906268.289359,85
1761906268.393903,84
1761906268.498873,91
1761906268.603286,91
1761906268.708149,91
1761906268.813112,93
1761906268.917353,92
1761906269.022178,94
1761906269.127387,92
1761906269.231784,91
1761906269.336229,86
1761906269.440839,86
1761906269.545214,87
1761906269.649460,87
1761906269.754211,86
1761906269.859152,88
1761906269.964540,87
1761906270.069411,86
1761906270.173969,84
1761906270.278714,84
1761906270.383209,84
1761906270.487821,86
1761906270.592163,84
1761906270.696976,86
1761906270.802327,86
1761906270.907167,84
1761906271.011958,84
1761906271.117568,84
1761906271.222319,84
1761906271.326655,86
1761906271.432864,84
1761906271.537618,86
1761906271.641977,86
1761906271.746674,84
1761906271.851183,84
1761906271.956345,84
1761906272.061016,84
1761906272.165618,86
1761906272.270083,84
1761906272.374639,87
1761906272.479344,88
1761906272.583983,86
1761906272.688643,86
1761906272.793546,86
1761906272.897948,86
1761906273.002374,88
1761906273.107824,86
1761906273.212763,94
1761906273.317761,94
1761906273.422299,93
1761906273.527128,93
1761906273.631842,93
1761906273.736557,93
1761906273.841599,94
1761906273.946613,93
1761906274.051866,92
1761906274.156886,88
1761906274.261579,88
1761906274.366147,86
1761906274.470935,86
1761906274.575934,86
1761906274.680570,86
1761906274.785338,88
1761906274.889902,86
1761906274.994174,87
1761906275.098849,88
1761906275.203648,86
1761906275.308444,86
1761906275.412977,86
1761906275.517528,86
1761906275.622022,88
1761906275.726770,86
1761906275.831150,87
1761906275.935580,87
1761906276.039963,87
1761906276.144392,85
1761906276.248787,85
1761906276.353269,85
1761906276.457843,85
1761906276.562565,86
1761906276.667520,85
1761906276.772226,87
1761906276.876696,87
1761906276.981521,85
1761906277.086020,85
1761906277.191077,86
1761906277.295690,86
1761906277.400130,87
1761906277.504843,86
1761906277.609279,88
1761906277.714075,89
1761906277.818442,88
1761906277.922902,87
1761906278.027632,86
1761906278.132191,92
1761906278.236367,92
1761906278.340692,93
1761906278.445313,92
1761906278.550490,94
1761906278.655257,94
1761906278.760152,94
1761906278.864739,92
1761906278.969397,91
1761906279.073943,86
1761906279.178996,86
1761906279.283805,88
1761906279.388650,86
1761906279.493425,88
1761906279.598114,88
1761906279.704731,88
1761906279.809659,86
1761906279.914067,85
1761906280.018748,85
1761906280.123660,85
1761906280.228100,86
1761906280.332747,86
1761906280.437521,88
1761906280.542905,87
1761906280.648156,87
1761906280.753142,85
1761906280.857622,86
1761906280.962855,86
1761906281.067998,86
1761906281.173228,85
1761906281.278362,87
1761906281.383086,87
1761906281.487809,87
1761906281.592137,87
1761906281.696818,86
1761906281.801484,86
1761906281.905852,86
1761906282.011444,88
1761906282.116484,87
1761906282.220858,88
1761906282.325301,88
1761906282.430262,88
1761906282.534877,88
1761906282.639303,87
1761906282.744172,87
1761906282.848603,87
1761906282.952793,89
1761906283.057380,93
1761906283.162075,94
1761906283.267046,95
1761906283.371547,95
1761906283.476272,94
1761906283.580848,93
1761906283.685159,93
1761906283.789718,93
1761906283.894015,96
1761906283.998466,89
1761906284.102927,87
1761906284.207453,89
1761906284.311712,89
1761906284.416158,90
1761906284.520991,90
1761906284.625437,88
1761906284.730042,88
1761906284.835125,89
1761906284.939519,91
1761906285.043994,88
1761906285.148316,90
1761906285.254818,90
1761906285.359908,90
1761906285.464431,90
1761906285.568863,88
1761906285.673427,88
1761906285.777887,88
1761906285.882355,89
1761906285.986858,88
1761906286.091320,89
1761906286.195568,89
1761906286.299852,90
1761906286.404199,90
1761906286.508733,88
1761906286.613094,88
1761906286.717385,88
1761906286.821935,89
1761906286.926320,88
1761906287.030462,90
1761906287.134872,91
1761906287.239219,91
1761906287.344139,92
1761906287.449059,91
1761906287.553756,90
1761906287.658558,90
1761906287.763611,90
1761906287.868132,92
1761906287.972763,91
1761906288.077577,98
1761906288.181855,98
1761906288.286310,98
1761906288.390698,99
1761906288.495574,97
1761906288.600060,97
1761906288.705219,97
1761906288.810218,97
1761906288.914484,96
1761906289.019201,96
1761906289.124214,92
1761906289.229303,92
1761906289.334520,93
1761906289.439518,93
1761906289.544230,91
1761906289.648827,91
1761906289.753459,91
1761906289.858510,92
1761906289.963648,91
1761906290.068196,91
1761906290.172801,91
1761906290.277182,91
1761906290.382372,92
1761906290.488183,91
1761906290.593606,91
1761906290.698022,90
1761906290.804084,91
1761906290.909198,92
1761906291.013564,91
1761906291.118538,92
1761906291.223114,92
1761906291.327691,92
1761906291.432336,92
1761906291.536911,90
1761906291.641374,90
1761906291.745927,90
1761906291.850460,91
1761906291.955015,90
1761906292.059506,92
1761906292.163931,92
1761906292.268253,93
1761906292.372626,93
1761906292.477292,94
1761906292.581485,93
1761906292.686021,93
1761906292.790654,93
1761906292.895233,94
1761906292.999481,92
1761906293.103882,94
1761906293.208442,97
1761906293.312852,97
1761906293.417470,97
1761906293.522261,97
1761906293.627267,96
1761906293.731786,96
1761906293.836217,96
1761906293.940460,98
1761906294.045157,96
1761906294.149514,97
1761906294.253823,97
1761906294.358148,97
1761906294.463042,96
1761906294.567418,96
1761906294.672084,94
1761906294.776786,94
1761906294.881491,94
1761906294.985849,96
1761906295.090331,94
1761906295.194622,96
1761906295.298970,97
1761906295.403480,97
1761906295.508139,97
1761906295.612532,96
1761906295.717263,95
1761906295.821966,95
1761906295.926384,96
1761906296.030895,97
1761906296.135365,96
1761906296.239637,98
1761906296.343718,95
1761906296.448360,95
1761906296.553762,95
1761906296.658106,95
1761906296.762679,93
1761906296.867000,93
1761906296.971459,93
1761906297.076230,95
1761906297.180689,93
1761906297.285014,95
1761906297.389511,94
1761906297.494247,96
1761906297.598813,95
1761906297.703349,96
1761906297.807942,94
1761906297.912821,94
1761906298.017421,94
1761906298.122363,94
1761906298.227578,94
1761906298.332233,95
1761906298.436884,93
1761906298.541796,93
1761906298.646210,94
1761906298.750700,95
1761906298.854848,95
1761906298.959408,93
1761906299.063573,93
1761906299.167697,93
1761906299.273181,94
1761906299.377612,93
1761906299.482998,95
1761906299.587445,94
1761906299.691987,95
1761906299.796353,95
1761906299.901134,95
1761906300.005435,91
1761906300.109944,85
1761906300.214980,79
1761906300.320559,75
1761906300.425891,70
1761906300.531265,68
1761906300.636004,68
1761906300.741086,66
1761906300.845442,69
1761906300.949549,68
1761906301.053892,69
1761906301.158252,68
1761906301.262504,68
1761906301.367005,68
1761906301.471838,69
1761906301.575994,71
1761906301.682640,71
1761906301.787062,71
1761906301.899136,71
1761906302.003956,73
1761906302.108601,73
1761906302.213233,73
1761906302.317575,73
1761906302.421893,73
1761906302.526627,71
1761906302.631007,72
1761906302.735926,71
1761906302.840261,74
1761906302.944688,73
1761906303.048944,72
1761906303.153528,72
1761906303.257908,72
1761906303.362178,72
1761906303.466996,72
1761906303.571708,72
1761906303.676072,72
1761906303.780574,76
1761906303.884878,75
1761906303.989471,76
1761906304.094054,77
1761906304.198470,78
1761906304.302803,79
1761906304.407152,80
1761906304.512566,81
1761906304.616942,81
1761906304.721594,82
1761906304.826531,81
1761906304.931813,79
1761906305.036395,79
1761906305.141251,78
1761906305.245534,77
1761906305.350088,76
1761906305.454632,76
1761906305.559095,75
1761906305.663429,75
1761906305.767883,74
1761906305.872437,74
1761906305.976888,73
1761906306.081489,71
1761906306.186192,71
1761906306.290587,72
1761906306.394984,71
1761906306.499745,71
1761906306.604069,72
1761906306.708454,71
1761906306.812775,71
1761906306.917019,72
1761906307.021505,71
1761906307.126243,70
1761906307.231511,70
1761906307.336497,72
1761906307.441088,71
1761906307.545893,73
1761906307.650812,72
1761906307.755584,72
1761906307.860038,74
1761906307.964556,73
1761906308.069129,74
1761906308.173611,73
1761906308.277807,73
1761906308.382065,73
1761906308.486699,72
1761906308.591430,72
1761906308.695862,72
1761906308.802018,73
1761906308.907585,71
1761906309.012442,72
1761906309.117225,71
1761906309.221719,71
1761906309.326081,71
1761906309.430626,72
1761906309.535503,72
1761906309.640170,71
1761906309.744864,72
1761906309.849711,72
1761906309.955354,74
1761906310.061600,74
1761906310.166851,75
1761906310.272342,75
1761906310.377443,76
1761906310.482185,76
1761906310.587431,76
1761906310.692241,76
1761906310.796526,76
1761906310.900959,78
1761906311.005406,78
1761906311.109918,75
1761906311.214355,75
1761906311.319103,76
1761906311.423651,76
1761906311.528168,75
1761906311.632754,75
1761906311.737308,74
1761906311.841649,75
1761906311.946107,75
1761906312.050523,75
1761906312.155118,74
1761906312.259818,76
1761906312.364245,75
1761906312.469023,75
1761906312.573763,75
1761906312.679099,75
1761906312.784409,76
1761906312.888985,76
1761906312.993481,75
1761906313.098415,75
1761906313.202916,75
1761906313.307163,75
1761906313.411726,75
1761906313.516103,76
1761906313.620851,74
1761906313.725377,73
1761906313.829659,73
1761906313.934173,74
1761906314.038630,73
1761906314.142944,74
1761906314.247380,74
1761906314.351647,73
1761906314.456010,73
1761906314.560280,74
1761906314.664501,74
1761906314.768952,74
1761906314.873323,74
1761906314.977758,74
1761906315.082223,74
1761906315.186759,74
1761906315.291026,74
1761906315.395312,74
1761906315.499835,74
1761906315.604420,75
1761906315.709659,74
1761906315.814107,74
1761906315.918520,74
1761906316.023518,73
1761906316.128256,74
1761906316.232463,73
1761906316.336594,73
1761906316.441210,74
1761906316.545478,73
1761906316.649671,73
1761906316.753983,73
1761906316.858302,74
1761906316.962832,74
1761906317.067237,74
1761906317.171587,75
1761906317.275780,75
1761906317.380274,74
1761906317.485069,74
1761906317.589388,74
1761906317.694067,74
1761906317.798370,74
1761906317.902963,75
1761906318.007455,75
1761906318.112018,75
1761906318.216627,76
1761906318.321028,75
1761906318.425476,75
1761906318.530577,75
1761906318.635205,76
1761906318.739617,75
1761906318.844092,78
1761906318.948618,79
1761906319.053045,80
1761906319.157381,80
1761906319.262431,79
1761906319.367539,81
1761906319.472839,81
1761906319.578022,80
1761906319.683513,81
1761906319.788671,81
1761906319.893942,81
1761906319.999310,81
1761906320.104456,78
1761906320.209647,78
1761906320.314486,79
1761906320.419726,78
1761906320.524693,77
1761906320.629362,79
1761906320.734039,78
1761906320.838846,79
1761906320.943543,77
1761906321.048458,77
1761906321.153532,78
1761906321.258811,77
1761906321.363300,77
1761906321.468227,77
1761906321.573485,79
1761906321.678679,78
1761906321.783830,78
1761906321.888677,79
1761906321.993429,78
1761906322.098274,79
1761906322.202826,79
1761906322.307800,79
1761906322.412295,79
1761906322.517359,79
1761906322.622781,79
1761906322.727561,77
1761906322.831961,77
1761906322.936223,77
1761906323.040688,77
1761906323.145257,77
1761906323.249682,77
1761906323.353977,79
1761906323.458614,78
1761906323.562848,77
1761906323.667135,78
1761906323.772101,78
1761906323.876886,77
1761906323.981757,77
1761906324.086390,78
1761906324.190953,78
1761906324.296466,77
1761906324.400768,78
1761906324.505366,78
1761906324.609853,78
1761906324.714153,78
1761906324.818397,78
1761906324.922740,77
1761906325.027097,78
1761906325.131559,79
1761906325.235847,77
1761906325.340165,77
1761906325.444821,78
1761906325.549238,77
1761906325.653700,77
1761906325.758508,77
1761906325.863369,78
1761906325.967845,78
1761906326.072279,77
1761906326.177157,77
1761906326.281523,78
1761906326.385696,78
1761906326.490362,77
1761906326.594669,78
1761906326.699218,78
1761906326.803821,77
1761906326.908324,78
1761906327.014149,78
1761906327.119091,78
1761906327.223522,79
1761906327.327957,80
1761906327.432280,79
1761906327.536571,79
1761906327.640764,79
1761906327.745386,79
1761906327.850445,78
1761906327.954914,79
1761906328.059254,81
1761906328.163660,82
1761906328.267980,81
1761906328.372336,82
1761906328.476952,83
1761906328.581123,82
1761906328.685540,82
1761906328.789886,83
1761906328.894063,84
1761906328.998466,83
1761906329.102993,82
1761906329.207403,83
1761906329.311676,80
1761906329.415837,81
1761906329.520518,81
1761906329.624823,81
1761906329.729322,81
1761906329.835302,82
1761906329.939970,82
1761906330.045672,82
1761906330.150159,82
1761906330.254694,82
1761906330.358845,82
1761906330.463317,82
1761906330.567756,83
1761906330.672187,82
1761906330.776718,82
1761906330.881730,83
1761906330.986884,84
1761906331.091662,83
1761906331.196697,82
1761906331.301704,83
1761906331.406329,83
1761906331.511176,82
1761906331.616328,82
1761906331.721150,83
1761906331.826075,83
1761906331.930929,82
1761906332.035443,83
1761906332.139958,83
1761906332.244352,80
1761906332.348559,81
1761906332.453494,81
1761906332.557972,81
1761906332.662398,81
1761906332.770126,81
1761906332.874939,81
1761906332.979374,81
1761906333.084065,81
1761906333.188740,81
1761906333.293189,81
1761906333.397839,81
1761906333.502653,81
1761906333.607134,82
1761906333.711719,82
1761906333.816172,82
1761906333.921517,82
1761906334.026140,83
1761906334.130838,82
1761906334.235236,82
1761906334.339709,82
1761906334.444695,82
1761906334.549344,81
1761906334.654061,82
1761906334.758587,82
1761906334.863555,81
1761906334.968027,82
1761906335.072485,82
1761906335.177409,81
1761906335.281889,82
1761906335.386251,82
1761906335.491271,82
1761906335.596067,82
1761906335.700463,82
1761906335.805019,82
1761906335.909874,81
1761906336.014270,82
1761906336.118952,83
1761906336.223201,83
1761906336.327595,82
1761906336.432522,82
1761906336.536963,82
1761906336.641242,82
1761906336.745636,82
1761906336.849742,83
1761906336.954239,83
1761906337.058548,82
1761906337.163050,83
1761906337.267388,83
1761906337.371808,83
1761906337.476280,83
1761906337.580734,86
1761906337.685185,85
1761906337.789855,85
1761906337.894616,87
1761906337.999694,86
1761906338.104637,86
1761906338.209207,87
1761906338.313408,86
1761906338.417758,86
1761906338.523223,86
1761906338.627690,87
1761906338.732039,87
1761906338.836379,86
1761906338.940727,85
1761906339.045910,85
1761906339.150658,85
1761906339.255252,84
1761906339.359838,85
1761906339.464440,85
1761906339.569359,84
1761906339.673985,85
1761906339.778373,86
1761906339.882836,85
1761906339.987956,85
1761906340.093107,86
1761906340.198081,85
1761906340.302389,85
1761906340.407290,86
1761906340.512123,85
1761906340.617143,87
1761906340.722311,87
1761906340.827691,86
1761906340.933681,87
1761906341.038312,87
1761906341.143630,86
1761906341.248281,87
1761906341.352815,87
1761906341.457314,86
1761906341.561782,88
1761906341.666098,87
1761906341.770517,86
1761906341.875139,86
1761906341.980065,85
1761906342.084564,85
1761906342.189116,84
1761906342.293312,85
1761906342.397663,85
1761906342.502272,84
1761906342.606686,86
1761906342.711473,86
1761906342.815996,86
1761906342.920519,86
1761906343.024955,86
1761906343.129599,87
1761906343.233885,87
1761906343.337960,86
1761906343.442774,86
1761906343.547199,86
1761906343.654274,87
1761906343.758921,86
1761906343.863316,86
1761906343.968425,84
1761906344.073407,85
1761906344.177730,86
1761906344.281874,86
1761906344.386039,85
1761906344.490532,86
1761906344.594751,86
1761906344.699022,85
1761906344.803612,85
1761906344.907952,86
1761906345.012256,85
1761906345.116683,84
1761906345.221034,85
1761906345.325195,85
1761906345.429684,84
1761906345.534105,85
1761906345.638417,85
1761906345.743011,85
1761906345.847445,85
1761906345.952201,85
1761906346.057143,85
1761906346.161752,85
1761906346.265896,86
1761906346.370297,86
1761906346.475436,87
1761906346.580420,87
1761906346.684637,86
1761906346.792163,86
1761906346.896391,86
1761906347.000778,87
1761906347.105281,88
1761906347.209587,87
1761906347.313770,88
1761906347.418147,89
1761906347.523008,89
1761906347.627378,88
1761906347.731618,90
1761906347.835656,90
1761906347.939706,89
1761906348.044592,90
1761906348.148873,90
1761906348.253004,90
1761906348.357129,90
1761906348.461613,91
1761906348.565767,90
1761906348.670816,89
1761906348.775252,88
1761906348.879753,88
1761906348.983950,88
1761906349.088446,86
1761906349.193038,88
1761906349.297162,88
1761906349.401097,88
1761906349.505394,89
1761906349.609910,88
1761906349.715078,90
1761906349.820439,90
1761906349.925801,89
1761906350.030710,90
1761906350.135429,89
1761906350.239674,89
1761906350.343922,90
1761906350.448172,89
1761906350.552311,89
1761906350.657190,90
1761906350.761882,90
1761906350.866342,89
1761906350.971321,92
1761906351.076429,92
1761906351.182775,92
1761906351.287431,92
1761906351.391543,92
1761906351.496252,93
1761906351.600909,93
1761906351.705424,94
1761906351.810663,94
1761906351.915072,93
1761906352.019653,92
1761906352.124482,92
1761906352.229195,92
1761906352.333842,90
1761906352.438414,90
1761906352.543339,95
1761906352.647976,98
1761906352.752323,97
1761906352.856981,99
1761906352.961591,98
1761906353.065999,98
1761906353.170425,98
1761906353.274686,99
1761906353.378962,99
1761906353.483672,98
1761906353.588165,99
1761906353.692658,100
1761906353.797076,99
1761906353.901792,96
1761906354.006320,94
1761906354.111181,92
1761906354.216265,92
1761906354.320649,90
1761906354.426229,92
1761906354.531588,90
1761906354.636605,90
1761906354.741521,89
1761906354.846815,88
1761906354.952264,87
1761906355.057924,86
1761906355.163117,84
1761906355.268191,84
1761906355.373734,84
1761906355.478929,84
1761906355.584112,84
1761906355.689402,82
1761906355.794447,81
1761906355.899484,82
1761906356.004605,82
1761906356.109771,82
1761906356.214764,77
1761906356.319510,72
1761906356.424138,68
1761906356.529311,63
1761906356.635857,57
1761906356.740826,51
1761906356.845896,47
1761906356.952232,47
1761906357.056848,47
1761906357.161596,52
1761906357.266071,51
1761906357.370935,51
1761906357.475491,52
1761906357.579784,52
1761906357.684484,51
1761906357.788666,52
1761906357.892857,45
1761906357.997283,45
1761906358.102622,45
1761906358.207836,46
1761906358.312323,46
1761906358.416645,46
1761906358.521673,46
1761906358.626343,45
1761906358.731082,45
1761906358.835510,45
1761906358.939838,45
1761906359.044133,45
1761906359.148927,45
1761906359.253255,46
1761906359.357696,46
1761906359.462435,45
1761906359.566772,46
1761906359.671104,47
1761906359.776377,47
1761906359.880843,47
1761906359.985659,47
1761906360.090510,46
1761906360.196078,47
1761906360.300718,46
1761906360.405449,46
1761906360.510745,47
1761906360.615263,47
1761906360.720116,47
1761906360.825348,47
1761906360.929802,47
1761906361.034103,48
1761906361.138812,49
1761906361.243187,48
1761906361.347407,48
1761906361.452074,48
1761906361.556540,48
1761906361.660899,48
1761906361.765888,55
1761906361.870522,55
1761906361.975333,55
1761906362.079939,56
1761906362.187004,55
1761906362.291466,55
1761906362.395869,56
1761906362.500633,52
1761906362.605086,49
1761906362.709903,48
1761906362.814459,49
1761906362.919019,49
1761906363.023501,49
1761906363.128209,49
1761906363.232627,49
1761906363.337140,48
1761906363.441735,48
1761906363.546054,49
1761906363.650407,48
1761906363.755288,50
1761906363.859640,48
1761906363.964047,48
1761906364.068461,48
1761906364.173213,48
1761906364.278160,48
1761906364.382658,49
1761906364.487151,49
1761906364.591684,49
1761906364.696000,49
1761906364.800556,49
1761906364.905100,49
1761906365.009697,49
1761906365.114330,49
1761906365.218937,49
1761906365.323431,49
1761906365.427906,50
1761906365.532208,50
1761906365.636859,50
1761906365.741650,51
1761906365.846069,50
1761906365.950582,50
1761906366.055092,51
1761906366.159721,51
1761906366.264780,51
1761906366.369365,51
1761906366.473964,57
1761906366.578493,57
1761906366.682854,57
1761906366.787505,57
1761906366.891908,57
1761906366.996320,58
1761906367.100872,57
1761906367.205201,56
1761906367.309667,51
1761906367.414005,52
1761906367.518819,51
1761906367.623285,52
1761906367.727894,53
1761906367.833097,53
1761906367.937633,53
1761906368.042145,53
1761906368.146889,52
1761906368.251911,52
1761906368.356889,52
1761906368.461709,51
1761906368.566088,51
1761906368.670603,51
1761906368.775435,51
1761906368.880649,52
1761906368.985642,51
1761906369.090176,51
1761906369.194586,52
1761906369.298971,51
1761906369.403422,53
1761906369.508114,52
1761906369.612517,53
1761906369.717188,53
1761906369.821840,52
1761906369.926353,52
1761906370.030712,51
1761906370.135394,52
1761906370.239822,52
1761906370.344977,54
1761906370.450197,53
1761906370.555220,54
1761906370.660517,55
1761906370.765602,54
1761906370.871128,54
1761906370.975711,55
1761906371.080061,55
1761906371.184430,54
1761906371.289609,61
1761906371.394459,60
1761906371.499866,60
1761906371.604592,60
1761906371.708914,60
1761906371.813675,60
1761906371.918118,60
1761906372.022795,60
1761906372.127413,55
1761906372.231729,55
1761906372.336691,54
1761906372.441459,54
1761906372.545859,55
1761906372.650283,54
1761906372.754929,54
1761906372.859348,55
1761906372.963773,55
1761906373.068513,54
1761906373.172954,54
1761906373.277584,54
1761906373.382490,54
1761906373.487063,54
1761906373.591590,54
1761906373.695918,54
1761906373.800517,54
1761906373.904857,56
1761906374.009184,55
1761906374.113663,54
1761906374.217985,54
1761906374.322891,55
1761906374.428285,54
1761906374.532858,54
1761906374.637179,55
1761906374.741583,55
1761906374.846101,55
1761906374.950577,55
1761906375.055202,55
1761906375.159624,55
1761906375.264349,56
1761906375.369038,56
1761906375.473990,56
1761906375.578718,56
1761906375.683438,56
1761906375.788365,57
1761906375.893063,56
1761906375.997740,56
1761906376.102686,64
1761906376.207768,63
1761906376.312386,62
1761906376.418173,63
1761906376.523305,63
1761906376.628879,62
1761906376.733859,63
1761906376.838620,63
1761906376.943008,63
1761906377.047380,59
1761906377.151935,57
1761906377.256194,57
1761906377.360942,57
1761906377.465747,57
1761906377.570499,58
1761906377.674791,58
1761906377.779564,57
1761906377.883999,57
1761906377.988516,57
1761906378.093008,57
1761906378.197505,56
1761906378.301823,57
1761906378.406974,57
1761906378.512171,57
1761906378.616461,57
1761906378.721476,58
1761906378.826790,57
1761906378.933520,57
1761906379.037768,57
1761906379.142660,57
1761906379.247639,57
1761906379.352887,57
1761906379.457473,58
1761906379.561755,59
1761906379.666081,59
1761906379.770813,59
1761906379.875231,60
1761906379.980066,59
1761906380.084581,58
1761906380.189678,61
1761906380.294464,60
1761906380.399507,60
1761906380.504749,59
1761906380.610192,59
1761906380.715128,59
1761906380.819856,59
1761906380.924613,59
1761906381.028941,58
1761906381.133648,65
1761906381.238118,65
1761906381.342578,66
1761906381.447500,65
1761906381.552564,66
1761906381.657481,66
1761906381.762607,66
1761906381.867130,65
1761906381.972761,66
1761906382.078053,60
1761906382.182710,60
1761906382.287250,60
1761906382.391550,60
1761906382.496631,60
1761906382.601547,60
1761906382.706386,60
1761906382.811526,60
1761906382.916088,60
1761906383.021029,60
1761906383.125894,60
1761906383.230336,59
1761906383.334669,59
1761906383.439681,61
1761906383.544288,60
1761906383.648665,60
1761906383.753664,60
1761906383.858047,61
1761906383.962971,61
1761906384.067491,60
1761906384.172210,61
1761906384.276768,61
1761906384.381348,60
1761906384.487621,61
1761906384.592273,60
1761906384.697201,60
1761906384.802225,60
1761906384.906604,60
1761906385.011066,60
1761906385.115726,60
1761906385.220147,62
1761906385.324500,62
1761906385.429009,62
1761906385.533472,61
1761906385.637938,63
1761906385.742458,62
1761906385.846931,61
1761906385.951681,63
1761906386.056249,62
1761906386.160840,68
1761906386.265314,68
1761906386.369756,68
1761906386.475080,68
1761906386.580359,68
1761906386.685617,68
1761906386.790881,68
1761906386.896153,68
1761906387.001368,68
1761906387.106917,67
1761906387.212144,62
1761906387.317420,63
1761906387.425024,63
1761906387.530419,63
1761906387.635574,63
1761906387.740887,62
1761906387.846038,63
1761906387.951270,63
1761906388.056472,63
1761906388.161696,62
1761906388.266954,62
1761906388.372256,62
1761906388.477434,62
1761906388.582740,62
1761906388.688104,62
1761906388.793485,61
1761906388.898903,62
1761906389.004680,62
1761906389.109962,62
1761906389.215317,62
1761906389.320670,63
1761906389.425850,64
1761906389.531230,64
1761906389.636582,64
1761906389.741836,65
1761906389.847246,64
1761906389.952811,64
1761906390.057867,64
1761906390.162661,64
1761906390.268112,64
1761906390.373265,65
1761906390.478535,64
1761906390.583895,65
1761906390.689148,65
1761906390.794434,64
1761906390.899605,64
1761906391.004829,64
1761906391.109533,64
1761906391.214057,66
1761906391.318352,71
1761906391.422848,72
1761906391.527744,73
1761906391.632197,72
1761906391.736827,71
1761906391.841683,72
1761906391.946247,72
1761906392.050745,71
1761906392.155601,72
1761906392.260527,69
1761906392.365403,65
1761906392.470566,64
1761906392.575690,65
1761906392.680164,65
1761906392.785069,65
1761906392.889419,65
1761906392.993830,65
1761906393.098388,65
1761906393.202978,65
1761906393.307331,66
1761906393.411508,64
1761906393.516010,65
1761906393.620638,65
1761906393.725241,65
1761906393.830476,65
1761906393.934884,65
1761906394.039237,65
1761906394.144407,65
1761906394.248871,65
1761906394.353149,65
1761906394.457731,65
1761906394.562229,65
1761906394.667169,64
1761906394.771994,65
1761906394.876725,65
1761906394.981260,65
1761906395.085656,65
1761906395.190391,65
1761906395.294827,65
1761906395.399358,65
1761906395.503826,67
1761906395.608414,66
1761906395.712965,68
1761906395.817294,67
1761906395.921566,67
1761906396.026028,67
1761906396.130549,66
1761906396.234915,67
1761906396.339442,67
1761906396.444162,70
1761906396.548390,70
1761906396.653181,70
1761906396.757762,70
1761906396.862180,70
1761906396.966377,70
1761906397.070518,71
1761906397.174798,70
1761906397.279106,70
1761906397.383193,70
1761906397.487474,66
1761906397.591573,68
1761906397.695616,68
1761906397.799686,70
1761906397.903836,69
1761906398.008440,69
1761906398.112699,69
1761906398.216796,69
1761906398.320927,69
1761906398.425327,69
1761906398.529433,69
1761906398.634119,70
1761906398.738466,70
1761906398.842743,70
1761906398.946912,70
1761906399.050879,70
1761906399.154961,71
1761906399.259394,70
1761906399.363613,70
1761906399.467919,70
1761906399.572028,70
1761906399.676639,69
1761906399.780904,68
1761906399.885046,68
1761906399.990138,70
1761906400.095634,71
1761906400.201058,71
1761906400.306194,71
1761906400.411230,71
1761906400.516367,70
1761906400.621536,73
1761906400.726689,73
1761906400.831429,73
1761906400.935983,73
1761906401.040303,71
1761906401.144833,72
1761906401.249056,72
1761906401.353289,71
1761906401.457951,71
1761906401.562264,71
1761906401.666972,73
1761906401.771426,75
1761906401.875646,75
1761906401.980118,74
1761906402.084991,75
1761906402.189501,77
1761906402.293667,78
1761906402.398141,78
1761906402.502927,81
1761906402.607624,80
1761906402.712815,78
1761906402.817440,78
1761906402.922410,77
1761906403.026865,77
1761906403.131493,76
1761906403.235934,76
1761906403.340452,74
1761906403.445154,74
1761906403.549598,74
1761906403.654251,73
1761906403.758829,73
1761906403.863167,72
1761906403.967647,72
1761906404.072150,71
1761906404.176659,71
1761906404.280859,71
1761906404.385242,71
1761906404.490502,71
1761906404.595561,72
1761906404.700628,72
1761906404.805344,72
1761906404.910028,74
1761906405.014627,77
1761906405.119364,76
1761906405.223756,77
1761906405.328440,77
1761906405.433001,76
1761906405.537751,76
1761906405.642135,77
1761906405.747823,78
1761906405.852514,77
1761906405.956947,78
1761906406.061423,75
1761906406.165839,74
1761906406.270388,75
1761906406.374745,75
1761906406.479749,74
1761906406.584402,75
1761906406.688986,75
1761906406.794282,72
1761906406.898845,73
1761906407.003407,73
1761906407.108385,72
1761906407.212752,73
1761906407.317036,74
1761906407.421642,74
1761906407.526377,74
1761906407.630828,74
1761906407.735710,74
1761906407.840122,74
1761906407.946259,74
1761906408.050827,74
1761906408.155503,75
1761906408.260140,74
1761906408.364582,74
1761906408.469417,72
1761906408.573869,73
1761906408.679151,72
1761906408.784188,73
1761906408.889243,73
1761906408.993814,73
1761906409.098617,74
1761906409.203008,74
1761906409.307421,75
1761906409.411772,75
1761906409.516379,74
1761906409.621005,74
1761906409.726196,75
1761906409.831366,75
1761906409.936705,74
1761906410.041398,75
1761906410.146092,75
1761906410.250459,75
1761906410.354855,75
1761906410.459394,75
1761906410.564052,75
1761906410.668639,75
1761906410.774081,75
1761906410.880866,73
1761906410.985769,73
1761906411.090689,74
1761906411.195948,72
1761906411.300469,72
1761906411.404866,72
1761906411.509580,72
1761906411.613986,73
1761906411.718624,74
1761906411.823159,73
1761906411.927463,73
1761906412.032710,74
1761906412.137430,73
1761906412.241748,73
1761906412.346065,73
1761906412.450553,73
1761906412.555022,73
1761906412.659342,73
1761906412.764119,74
1761906412.869149,74
1761906412.973906,75
1761906413.079043,74
1761906413.183542,74
1761906413.287930,75
1761906413.392416,74
1761906413.498569,75
1761906413.603168,75
1761906413.707828,76
1761906413.812563,76
1761906413.917179,77
1761906414.021649,78
1761906414.126226,78
1761906414.230678,78
1761906414.335012,78
1761906414.439536,77
1761906414.543958,79
1761906414.648536,78
1761906414.753116,78
1761906414.858503,77
1761906414.963353,76
1761906415.067742,74
1761906415.172825,76
1761906415.277272,76
1761906415.381763,76
1761906415.486188,77
1761906415.590399,76
1761906415.694906,76
1761906415.799597,77
1761906415.904023,76
1761906416.008579,76
1761906416.113248,77
1761906416.217796,77
1761906416.322465,77
1761906416.427672,79
1761906416.532518,78
1761906416.636916,77
1761906416.742020,80
1761906416.847512,79
1761906416.952174,80
1761906417.056517,80
1761906417.161071,79
1761906417.265534,79
1761906417.370236,78
1761906417.474898,78
1761906417.579385,77
1761906417.683915,78
1761906417.788677,77
1761906417.893155,77
1761906417.997768,77
1761906418.102560,76
1761906418.207346,76
1761906418.312217,76
1761906418.416849,77
1761906418.521477,76
1761906418.626022,76
1761906418.730712,77
1761906418.835252,77
1761906418.940597,77
1761906419.045208,78
1761906419.149847,77
1761906419.254279,77
1761906419.359503,78
1761906419.464836,77
1761906419.569503,77
1761906419.674090,78
1761906419.778941,77
1761906419.883662,77
1761906419.988677,76
1761906420.093939,76
1761906420.199225,78
1761906420.304746,77
1761906420.409859,76
1761906420.515111,78
1761906420.620359,77
1761906420.725850,76
1761906420.830822,78
1761906420.936076,77
1761906421.041163,76
1761906421.146417,76
1761906421.251155,77
1761906421.355644,78
1761906421.460511,78
1761906421.565183,77
1761906421.670083,78
1761906421.775387,79
1761906421.880375,78
1761906421.984987,79
1761906422.089552,79
1761906422.194339,78
1761906422.298996,79
1761906422.403534,78
1761906422.508210,78
1761906422.612688,78
1761906422.717605,79
1761906422.822302,81
1761906422.927402,80
1761906423.032138,81
1761906423.137265,82
1761906423.241901,81
1761906423.346374,81
1761906423.451343,82
1761906423.555774,82
1761906423.660348,81
1761906423.765146,81
1761906423.869898,82
1761906423.974572,82
1761906424.079176,80
1761906424.183875,81
1761906424.288393,81
1761906424.392801,80
1761906424.497806,81
1761906424.602958,80
1761906424.708543,80
1761906424.813207,81
1761906424.918318,80
1761906425.023965,80
1761906425.129110,80
1761906425.233444,81
1761906425.338022,82
1761906425.442895,80
1761906425.547349,81
1761906425.651806,81
1761906425.756671,82
1761906425.861267,81
1761906425.965874,82
1761906426.070378,82
1761906426.175343,81
1761906426.279942,81
1761906426.384241,82
1761906426.489166,81
1761906426.593736,82
1761906426.698144,82
1761906426.802903,82
1761906426.907377,79
1761906427.012394,80
1761906427.117453,80
1761906427.221951,80
1761906427.327189,80
1761906427.432060,80
1761906427.536542,80
1761906427.641153,80
1761906427.746674,80
1761906427.851044,81
1761906427.955530,81
1761906428.059887,80
1761906428.164541,81
1761906428.269191,82
1761906428.373518,80
1761906428.478363,80
1761906428.582777,81
1761906428.687358,81
1761906428.792438,80
1761906428.897832,81
1761906429.003031,82
1761906429.107828,82
1761906429.212205,82
1761906429.316712,82
1761906429.421122,81
1761906429.526400,81
1761906429.631668,81
1761906429.736970,81
1761906429.842223,81
1761906429.947501,81
1761906430.053214,81
1761906430.159394,81
1761906430.264902,80
1761906430.370709,82
1761906430.476265,81
1761906430.581515,80
1761906430.687193,82
1761906430.794524,81
1761906430.899969,81
1761906431.005784,80
1761906431.110762,81
1761906431.215388,82
1761906431.319856,81
1761906431.424197,82
1761906431.528969,82
1761906431.633420,81
1761906431.738185,82
1761906431.842806,82
1761906431.947535,82
1761906432.051978,82
1761906432.156615,83
1761906432.260890,84
1761906432.365189,83
1761906432.469809,84
1761906432.574825,85
1761906432.680036,85
1761906432.784941,86
1761906432.889842,86
1761906432.995380,88
1761906433.100938,87
1761906433.205794,86
1761906433.310002,88
1761906433.414313,87
1761906433.519259,84
1761906433.623655,85
1761906433.728503,85
1761906433.832844,84
1761906433.937444,84
1761906434.042000,84
1761906434.146497,84
1761906434.251083,83
1761906434.355754,85
1761906434.460335,84
1761906434.564800,84
1761906434.669402,85
1761906434.774823,84
1761906434.879991,85
1761906434.984506,85
1761906435.089790,84
1761906435.195053,86
1761906435.300091,86
1761906435.405330,85
1761906435.510008,86
1761906435.614825,85
1761906435.720822,85
1761906435.826151,86
1761906435.930777,86
1761906436.035472,86
1761906436.140319,88
1761906436.244534,87
1761906436.348984,88
1761906436.453782,87
1761906436.558351,85
1761906436.662948,85
1761906436.768030,85
1761906436.872559,84
1761906436.977045,85
1761906437.082217,85
1761906437.187133,85
1761906437.291434,85
1761906437.395851,84
1761906437.500404,83
1761906437.604768,84
1761906437.709277,84
1761906437.813889,84
1761906437.918519,85
1761906438.023286,84
1761906438.128549,85
1761906438.232924,84
1761906438.337103,84
1761906438.442160,85
1761906438.548761,85
1761906438.653082,84
1761906438.757796,86
1761906438.861991,85
1761906438.966355,84
1761906439.070624,85
1761906439.175746,84
1761906439.280097,84
1761906439.384396,83
1761906439.488881,84
1761906439.593410,84
1761906439.697685,83
1761906439.802447,84
1761906439.906826,84
1761906440.011491,84
1761906440.116411,85
1761906440.221674,84
1761906440.326010,85
1761906440.431154,85
1761906440.536173,84
1761906440.640606,85
1761906440.745797,84
1761906440.850955,84
1761906440.955790,86
1761906441.059964,85
1761906441.165163,85
1761906441.269803,87
1761906441.374478,86
1761906441.479041,87
1761906441.583581,85
1761906441.688012,86
1761906441.792622,86
1761906441.897006,87
1761906442.001638,88
1761906442.106092,88
1761906442.210384,88
1761906442.314719,89
1761906442.419133,89
1761906442.523494,89
1761906442.627893,90
1761906442.732673,89
1761906442.837225,90
1761906442.941714,89
1761906443.046053,89
1761906443.151259,90
1761906443.256524,87
1761906443.361336,87
1761906443.466262,87
1761906443.570542,87
1761906443.675332,86
1761906443.780448,87
1761906443.884728,88
1761906443.989515,88
1761906444.094244,87
1761906444.198765,88
1761906444.303285,88
1761906444.407627,88
1761906444.512116,88
1761906444.616681,88
1761906444.721152,87
1761906444.825375,88
1761906444.929922,88
1761906445.034369,90
1761906445.139195,89
1761906445.244129,89
1761906445.348720,90
1761906445.453202,89
1761906445.557286,89
1761906445.661672,89
1761906445.766026,89
1761906445.870472,88
1761906445.974716,89
1761906446.078906,89
1761906446.183077,89
1761906446.287492,89
1761906446.391587,89
1761906446.496890,87
1761906446.601224,88
1761906446.705656,89
1761906446.810038,88
1761906446.914636,88
1761906447.019175,87
1761906447.123426,88
1761906447.228004,88
1761906447.332477,88
1761906447.436594,88
1761906447.540987,88
1761906447.645464,88
1761906447.749595,87
1761906447.853659,89
1761906447.957832,88
1761906448.062299,88
1761906448.166575,88
1761906448.270833,88
1761906448.374884,88
1761906448.478931,87
1761906448.582963,88
1761906448.686914,88
1761906448.791035,89
1761906448.895409,89
1761906448.999522,88
1761906449.103665,88
1761906449.208455,86
1761906449.312856,87
1761906449.417048,87
1761906449.522121,88
1761906449.627321,88
1761906449.732442,88
1761906449.837733,88
1761906449.943000,87
1761906450.048207,88
1761906450.153548,88
1761906450.259040,88
1761906450.364356,88
1761906450.469497,88
1761906450.574396,89
1761906450.679624,89
1761906450.784029,88
1761906450.888835,89
1761906450.993086,89
1761906451.097229,89
1761906451.201347,89
1761906451.306298,89
1761906451.410463,89
1761906451.514493,89
1761906451.619400,89
1761906451.724577,88
1761906451.828881,89
1761906451.932897,92
1761906452.036867,91
1761906452.140985,91
1761906452.245014,90
1761906452.349159,93
1761906452.453718,92
1761906452.557993,93
1761906452.662361,94
1761906452.767064,94
1761906452.871610,94
1761906452.975938,94
1761906453.080125,94
1761906453.184470,94
1761906453.289239,93
1761906453.393444,92
1761906453.497724,92
1761906453.601828,92
1761906453.706412,92
1761906453.810873,92
1761906453.915115,92
1761906454.019272,91
1761906454.123905,91
1761906454.227966,92
1761906454.332043,92
1761906454.436128,91
1761906454.540187,92
1761906454.644476,92
1761906454.748614,91
1761906454.853069,91
1761906454.957167,91
1761906455.061186,91
1761906455.165283,92
1761906455.270390,94
1761906455.374678,93
1761906455.478887,93
1761906455.582876,93
1761906455.687082,93
1761906455.791350,93
1761906455.895472,93
1761906455.999486,92
1761906456.104198,92
1761906456.208161,93
1761906456.312391,93
1761906456.416566,93
1761906456.521285,93
1761906456.625389,92
1761906456.729509,91
1761906456.833659,91
1761906456.937907,91
1761906457.042040,91
1761906457.146139,91
1761906457.250489,91
1761906457.355182,91
1761906457.459425,91
1761906457.563543,92
1761906457.668014,92
1761906457.772369,91
1761906457.876586,92
1761906457.980779,91
1761906458.084891,91
1761906458.189051,91
1761906458.293095,92
1761906458.397377,92
1761906458.501887,92
1761906458.606048,92
1761906458.710131,91
1761906458.814162,93
1761906458.919063,92
1761906459.023203,92
1761906459.127472,92
1761906459.231491,92
1761906459.336082,92
1761906459.440368,91
1761906459.544540,91
1761906459.649217,91
1761906459.753498,91
1761906459.857693,92
1761906459.962468,91
1761906460.067634,92
1761906460.172959,92
1761906460.277103,91
1761906460.382017,92
1761906460.486912,91
1761906460.591295,91
1761906460.695581,91
1761906460.799874,91
1761906460.904379,91
1761906461.008553,91
1761906461.112788,92
1761906461.217015,93
1761906461.321439,93
1761906461.426166,93
1761906461.530407,93
1761906461.634342,93
1761906461.738406,94
1761906461.842359,93
1761906461.946544,93
1761906462.054113,94
1761906462.158776,94
1761906462.263140,95
1761906462.367659,95
1761906462.472224,94
1761906462.576771,93
1761906462.681083,99
1761906462.785364,98
1761906462.889626,98
1761906462.993830,98
1761906463.097827,98
1761906463.202036,98
1761906463.306548,98
1761906463.411555,98
1761906463.515911,98
1761906463.620423,98
1761906463.725036,97
1761906463.829317,97
1761906463.933301,97
1761906464.037305,96
1761906464.141637,91
1761906464.245835,92
1761906464.350021,92
1761906464.456695,92
1761906464.560759,92
1761906464.664761,92
1761906464.768872,93
1761906464.873272,94
1761906464.978517,93
1761906465.082816,92
1761906465.187537,93
1761906465.291920,92
1761906465.396638,92
1761906465.500874,92
1761906465.605038,92
1761906465.709683,89
1761906465.814031,88
1761906465.918384,83
1761906466.022450,76
1761906466.127114,69
1761906466.231372,63
1761906466.335594,57
1761906466.439802,54
1761906466.543880,49
1761906466.647973,47
1761906466.752095,47
1761906466.856994,47
1761906466.961428,47
1761906467.065555,47
1761906467.169897,48
1761906467.274232,48
1761906467.378417,48
1761906467.483189,48
1761906467.587674,48
1761906467.691864,49
1761906467.796037,49
1761906467.900220,48
1761906468.004539,48
1761906468.109508,49
1761906468.213909,48
1761906468.318414,49
1761906468.422679,49
1761906468.527337,49
1761906468.632939,49
1761906468.738187,48
1761906468.842798,48
1761906468.946951,48
1761906469.051169,48
1761906469.155267,48
1761906469.260948,49
1761906469.365684,49
1761906469.471009,48
1761906469.576332,48
1761906469.681603,49
1761906469.787032,49
1761906469.892523,49
1761906469.997848,49
1761906470.103611,49
1761906470.208935,49
1761906470.314516,49
1761906470.419627,49
1761906470.525531,49
1761906470.630147,49
1761906470.734351,50
1761906470.838912,49
1761906470.943328,50
1761906471.047462,51
1761906471.151605,50
1761906471.255638,51
1761906471.359647,52
1761906471.464765,51
1761906471.569208,51
1761906471.673772,52
1761906471.777954,57
1761906471.881987,57
1761906471.986023,57
1761906472.090440,57
1761906472.194745,57
1761906472.298883,57
1761906472.403069,57
1761906472.507199,58
1761906472.611289,52
1761906472.715397,51
1761906472.819539,51
1761906472.923975,52
1761906473.028183,52
1761906473.132488,52
1761906473.236866,52
1761906473.341252,51
1761906473.445670,51
1761906473.550323,52
1761906473.654577,51
1761906473.758869,51
1761906473.862954,51
1761906473.967140,52
1761906474.073146,51
1761906474.177586,51
1761906474.281748,51
1761906474.385771,52
1761906474.490417,51
1761906474.594982,51
1761906474.699334,52
1761906474.803397,52
1761906474.907477,53
1761906475.011588,52
1761906475.115783,53
1761906475.220087,52
1761906475.324544,52
1761906475.428845,52
1761906475.533575,53
1761906475.637822,52
1761906475.742238,53
1761906475.846384,54
1761906475.950661,53
1761906476.054769,53
1761906476.158852,55
1761906476.262813,54
1761906476.366903,53
1761906476.471179,54
1761906476.575497,60
1761906476.679619,60
1761906476.783731,60
1761906476.888073,60
1761906476.992205,59
1761906477.096365,60
1761906477.200400,61
1761906477.304625,61
1761906477.408908,57
1761906477.513135,54
1761906477.617836,54
1761906477.722507,55
1761906477.826856,54
1761906477.930944,54
1761906478.035358,55
1761906478.140090,54
1761906478.244310,55
1761906478.348452,55
1761906478.452794,54
1761906478.556917,54
1761906478.660991,54
1761906478.765143,54
1761906478.869481,53
1761906478.974052,54
1761906479.078241,55
1761906479.182337,55
1761906479.286913,54
1761906479.391086,55
1761906479.495440,55
1761906479.599803,54
1761906479.704173,54
1761906479.808330,55
1761906479.912578,55
1761906480.017694,55
1761906480.122911,55
1761906480.227927,55
1761906480.332602,54
1761906480.438336,55
1761906480.542751,56
1761906480.647000,56
1761906480.751252,56
1761906480.856054,56
1761906480.960973,57
1761906481.065162,56
1761906481.169606,56
1761906481.274338,57
1761906481.378953,56
1761906481.483587,62
1761906481.588192,64
1761906481.694200,63
1761906481.798407,63
1761906481.902462,64
1761906482.007060,63
1761906482.111265,64
1761906482.215518,63
1761906482.319735,61
1761906482.423819,57
1761906482.528438,57
1761906482.632635,57
1761906482.736669,58
1761906482.840722,58
1761906482.945310,57
1761906483.049554,58
1761906483.153940,58
1761906483.257963,58
1761906483.362000,56
1761906483.466296,57
1761906483.570452,57
1761906483.674926,56
1761906483.779452,57
1761906483.884857,57
1761906483.990141,57
1761906484.097528,57
1761906484.201831,57
1761906484.305961,57
1761906484.410172,57
1761906484.514441,57
1761906484.618789,57
1761906484.722921,58
1761906484.826965,57
1761906484.931474,59
1761906485.035655,58
1761906485.139778,57
1761906485.243984,57
1761906485.348403,58
1761906485.452625,58
1761906485.556714,58
1761906485.661258,59
1761906485.765646,59
1761906485.869889,59
1761906485.974088,60
1761906486.078238,59
1761906486.182753,58
1761906486.286797,59
1761906486.390856,65
1761906486.495153,65
1761906486.599479,65
1761906486.703599,66
1761906486.807645,66
1761906486.911676,66
1761906487.015938,66
1761906487.120093,66
1761906487.224337,66
1761906487.328889,63
1761906487.433279,59
1761906487.537486,60
1761906487.642035,60
1761906487.746566,60
1761906487.850713,60
1761906487.954903,60
1761906488.059123,60
1761906488.163249,60
1761906488.267517,60
1761906488.371514,59
1761906488.475884,59
1761906488.580142,60
1761906488.684279,60
1761906488.788711,60
1761906488.894044,59
1761906488.999109,60
1761906489.103411,60
1761906489.207462,60
1761906489.311486,60
1761906489.416636,61
1761906489.521929,60
1761906489.627221,60
1761906489.732478,60
1761906489.837794,60
1761906489.943166,60
1761906490.048398,60
1761906490.153673,60
1761906490.258869,59
1761906490.363427,60
1761906490.468092,61
1761906490.572462,62
1761906490.677155,61
1761906490.782526,62
1761906490.887104,62
1761906490.991838,62
1761906491.096792,62
1761906491.201142,63
1761906491.305272,62
1761906491.409614,67
1761906491.513918,68
1761906491.618390,68
1761906491.723245,68
1761906491.827653,68
1761906491.931724,68
1761906492.035863,68
1761906492.140285,68
1761906492.244543,68
1761906492.348824,68
1761906492.453081,61
1761906492.557400,62
1761906492.661627,63
1761906492.765769,63
1761906492.869946,62
1761906492.973951,63
1761906493.078118,63
1761906493.182338,63
1761906493.286616,62
1761906493.391125,64
1761906493.495465,62
1761906493.599590,62
1761906493.703987,62
1761906493.808880,62
1761906493.913205,62
1761906494.017504,62
1761906494.121722,62
1761906494.225720,62
1761906494.329751,62
1761906494.433800,63
1761906494.538067,62
1761906494.642285,64
1761906494.746448,63
1761906494.850705,63
1761906494.955215,63
1761906495.059558,62
1761906495.163899,63
1761906495.268125,63
1761906495.372290,63
1761906495.476592,63
1761906495.580825,64
1761906495.684825,65
1761906495.789939,65
1761906495.894279,64
1761906495.998608,64
1761906496.102833,64
1761906496.207503,64
1761906496.311703,64
1761906496.416328,64
1761906496.520661,67
1761906496.624733,68
1761906496.729138,68
1761906496.833285,67
1761906496.937687,68
1761906497.041763,69
1761906497.146092,68
1761906497.251182,67
1761906497.355826,69
1761906497.460057,68
1761906497.564058,65
1761906497.668345,66
1761906497.773065,66
1761906497.877281,66
1761906497.981298,66
1761906498.085405,67
1761906498.190160,66
1761906498.294394,66
1761906498.398464,66
1761906498.503160,66
1761906498.607578,67
1761906498.711848,67
1761906498.815989,68
1761906498.920370,68
1761906499.024373,68
1761906499.128514,68
1761906499.232643,68
1761906499.336862,69
1761906499.441087,69
1761906499.545717,68
1761906499.649979,67
1761906499.754612,66
1761906499.859231,66
1761906499.964164,66
1761906500.068395,66
1761906500.172706,65
1761906500.276634,66
1761906500.381096,66
1761906500.485471,66
1761906500.590279,66
1761906500.695319,66
1761906500.799762,67
1761906500.904506,67
1761906501.009756,67
1761906501.114083,68
1761906501.218390,67
1761906501.322558,67
1761906501.426700,67
1761906501.530704,67
1761906501.634718,66
1761906501.739626,67
1761906501.844427,66
1761906501.948680,66
1761906502.052836,66
1761906502.157497,66
1761906502.261700,66
1761906502.367179,65
1761906502.471884,67
1761906502.576095,66
1761906502.680236,67
1761906502.784441,66
1761906502.888688,66
1761906502.993177,66
1761906503.097376,66
1761906503.201591,67
1761906503.305703,67
1761906503.410060,67
1761906503.514376,67
1761906503.618619,67
1761906503.722633,68
1761906503.827385,69
1761906503.931707,68
1761906504.035913,68
1761906504.140873,68
1761906504.245336,68
1761906504.349509,68
1761906504.453580,68
1761906504.558019,68
1761906504.662251,68
1761906504.766482,68
1761906504.870402,69
1761906504.974563,71
1761906505.078558,72
1761906505.182616,71
1761906505.286602,72
1761906505.391047,72
1761906505.495365,72
1761906505.599475,72
1761906505.703426,72
1761906505.807872,72
1761906505.912410,70
1761906506.016720,70
1761906506.120906,70
1761906506.224954,70
1761906506.329132,70
1761906506.433314,70
1761906506.537312,70
1761906506.641640,70
1761906506.745640,70
1761906506.849961,71
1761906506.954237,70
1761906507.058356,72
1761906507.162475,71
1761906507.266618,71
1761906507.370701,71
1761906507.474838,71
1761906507.578916,72
1761906507.683151,72
1761906507.787555,72
1761906507.892265,72
1761906507.996366,72
1761906508.100384,73
1761906508.204871,72
1761906508.309120,70
1761906508.413169,70
1761906508.517341,70
1761906508.621597,70
1761906508.725574,70
1761906508.829605,70
1761906508.933690,71
1761906509.038198,70
1761906509.142563,71
1761906509.246764,70
1761906509.351131,70
1761906509.455606,70
1761906509.559642,70
1761906509.663934,71
1761906509.768219,71
1761906509.872328,71
1761906509.977113,71
1761906510.081408,72
1761906510.186122,71
1761906510.290315,72
1761906510.395217,71
1761906510.500795,70
1761906510.605932,71
1761906510.711047,70
1761906510.816380,70
1761906510.921097,71
1761906511.025329,70
1761906511.129467,71
1761906511.233423,70
1761906511.337641,70
1761906511.442332,70
1761906511.546569,71
1761906511.650642,71
1761906511.755756,71
1761906511.860078,71
1761906511.964811,70
1761906512.069323,71
1761906512.173438,71
1761906512.277692,72
1761906512.381760,71
1761906512.485952,73
1761906512.590326,72
1761906512.694572,71
1761906512.798716,71
1761906512.902797,72
1761906513.007184,72
1761906513.111451,72
1761906513.215579,72
1761906513.319778,72
1761906513.423942,73
1761906513.528135,74
1761906513.632471,80
1761906513.736666,79
1761906513.841088,79
1761906513.945800,79
1761906514.049947,79
1761906514.154990,79
1761906514.259842,79
1761906514.364082,80
1761906514.468350,80
1761906514.572408,79
1761906514.676461,79
1761906514.780477,73
1761906514.884577,73
1761906514.989082,73
1761906515.093306,73
1761906515.197412,72
1761906515.301469,73
1761906515.405928,73
1761906515.510466,73
1761906515.614669,73
1761906515.718827,74
1761906515.822983,73
1761906515.927115,73
1761906516.031815,72
1761906516.137036,72
1761906516.242285,73
1761906516.346702,72
1761906516.450933,72
1761906516.555200,72
1761906516.659586,72
1761906516.763725,72
1761906516.867916,73
1761906516.972318,74
1761906517.076507,74
1761906517.180730,73
1761906517.284833,73
1761906517.389427,72
1761906517.493667,73
1761906517.597798,73
1761906517.701914,73
1761906517.806140,73
1761906517.910228,74
1761906518.015060,75
1761906518.119384,74
1761906518.223433,74
1761906518.327847,75
1761906518.432035,75
1761906518.536253,74
1761906518.640491,74
1761906518.744649,75
1761906518.849918,76
1761906518.955393,76
1761906519.061478,77
1761906519.166964,78
1761906519.272798,79
1761906519.378250,78
1761906519.484375,78
1761906519.589724,78
1761906519.695314,78
1761906519.800080,78
1761906519.904963,77
1761906520.010338,76
1761906520.115785,76
1761906520.221272,74
1761906520.326307,76
1761906520.431325,76
1761906520.535530,77
1761906520.640518,77
1761906520.745500,76
1761906520.850043,76
1761906520.954380,78
1761906521.058828,77
1761906521.162998,76
1761906521.267207,77
1761906521.371266,77
1761906521.476407,77
1761906521.580754,77
1761906521.685081,78
1761906521.789090,78
1761906521.893074,78
1761906521.997159,78
1761906522.101937,77
1761906522.206521,78
1761906522.310779,79
1761906522.414979,78
1761906522.519195,78
1761906522.623800,78
1761906522.728113,76
1761906522.832228,76
1761906522.936530,76
1761906523.040640,76
1761906523.144881,77
1761906523.249072,76
1761906523.353256,77
1761906523.457849,76
1761906523.562103,78
1761906523.666418,77
1761906523.770755,76
1761906523.875468,77
1761906523.979929,76
1761906524.084559,76
1761906524.188773,77
1761906524.292891,77
1761906524.397022,77
1761906524.501472,77
1761906524.606126,77
1761906524.710519,76
1761906524.814501,78
1761906524.918616,77
1761906525.023031,77
1761906525.127335,76
1761906525.231565,76
1761906525.335840,77
1761906525.440148,76
1761906525.544268,76
1761906525.648396,77
1761906525.752477,78
1761906525.856948,77
1761906525.961279,76
1761906526.065441,77
1761906526.170267,76
1761906526.274762,76
1761906526.378816,77
1761906526.483026,77
1761906526.587156,77
1761906526.691464,77
1761906526.795796,77
1761906526.899960,77
1761906527.004532,78
1761906527.108642,79
1761906527.212865,78
1761906527.317310,78
1761906527.421946,78
1761906527.526250,78
1761906527.630549,78
1761906527.734705,78
1761906527.838788,79
1761906527.943026,81
1761906528.047276,80
1761906528.152090,80
1761906528.256793,82
1761906528.361102,81
1761906528.465264,82
1761906528.569506,82
1761906528.674762,83
1761906528.779344,83
1761906528.883913,82
1761906528.988142,83
1761906529.092260,83
1761906529.196437,81
1761906529.300529,81
1761906529.405090,81
1761906529.510298,81
1761906529.614756,81
1761906529.719218,82
1761906529.823804,82
1761906529.928140,81
1761906530.032255,80
1761906530.137131,80
1761906530.242517,80
1761906530.346933,80
1761906530.451362,81
1761906530.556229,80
1761906530.661728,80
1761906530.766742,82
1761906530.871443,82
1761906530.975688,81
1761906531.080104,82
1761906531.184457,82
1761906531.288680,81
1761906531.392818,81
1761906531.496912,82
1761906531.601128,83
1761906531.705309,83
1761906531.809908,82
1761906531.914213,82
1761906532.018565,81
1761906532.122785,80
1761906532.227740,80
1761906532.331978,80
1761906532.436400,80
1761906532.540642,80
1761906532.645052,80
1761906532.749222,79
1761906532.853441,80
1761906532.957578,82
1761906533.062091,81
1761906533.166677,80
1761906533.271094,82
1761906533.375393,81
1761906533.480115,81
1761906533.584464,80
1761906533.688786,81
1761906533.793432,81
1761906533.898377,80
1761906534.002823,80
1761906534.107290,81
1761906534.212376,80
1761906534.316866,81
1761906534.421000,81
1761906534.526318,81
1761906534.631434,80
1761906534.736591,80
1761906534.841245,80
1761906534.945835,79
1761906535.050041,81
1761906535.154365,80
1761906535.258469,80
1761906535.362617,80
1761906535.467307,80
1761906535.571451,81
1761906535.675765,80
1761906535.779952,80
1761906535.884421,81
1761906535.988699,81
1761906536.092847,80
1761906536.197178,81
1761906536.301645,82
1761906536.405831,82
1761906536.510048,81
1761906536.614475,82
1761906536.718797,82
1761906536.823172,81
1761906536.927329,82
1761906537.031752,82
1761906537.136151,82
1761906537.240272,82
1761906537.344392,82
1761906537.448519,84
1761906537.552719,84
1761906537.656927,84
1761906537.761057,85
1761906537.865532,85
1761906537.969985,85
1761906538.074054,85
1761906538.178463,85
1761906538.283633,85
1761906538.388185,86
1761906538.492473,86
1761906538.596918,85
1761906538.701128,85
1761906538.805214,84
1761906538.909446,84
1761906539.015810,84
1761906539.120365,84
1761906539.224665,84
1761906539.329016,83
1761906539.433877,84
1761906539.538183,84
1761906539.642489,84
1761906539.746715,84
1761906539.851213,84
1761906539.955456,84
1761906540.060889,84
1761906540.165960,84
1761906540.271860,84
1761906540.377111,85
1761906540.481820,85
1761906540.586212,85
1761906540.690711,85
1761906540.795045,85
1761906540.899164,86
1761906541.003592,86
1761906541.107788,87
1761906541.212210,86
1761906541.316417,86
1761906541.421303,86
1761906541.525829,85
1761906541.630205,85
1761906541.734624,84
1761906541.839049,84
1761906541.943431,83
1761906542.047712,84
1761906542.152074,84
1761906542.256153,83
1761906542.360917,84
1761906542.465267,85
1761906542.570001,84
1761906542.674416,84
1761906542.778794,85
1761906542.882921,84
1761906542.986891,83
1761906543.091511,84
1761906543.195711,84
1761906543.300029,84
1761906543.404319,84
1761906543.508664,84
1761906543.612871,86
1761906543.717226,85
1761906543.821844,85
1761906543.926128,86
1761906544.030509,85
1761906544.134823,84
1761906544.239599,85
1761906544.344362,84
1761906544.448853,83
1761906544.552952,84
1761906544.657200,84
1761906544.761231,84
1761906544.865676,83
1761906544.969997,85
1761906545.074543,84
1761906545.178765,83
1761906545.283012,85
1761906545.387091,84
1761906545.491898,84
1761906545.596210,84
1761906545.700555,84
1761906545.805212,84
1761906545.909503,83
1761906546.013690,84
1761906546.117941,85
1761906546.222187,85
1761906546.327260,85
1761906546.432222,86
1761906546.536535,86
1761906546.641053,86
1761906546.745197,86
1761906546.849411,87
1761906546.953812,86
1761906547.058152,87
1761906547.162335,88
1761906547.267115,88
1761906547.371270,87
1761906547.476096,89
1761906547.580233,89
1761906547.684625,89
1761906547.788776,89
1761906547.893335,90
1761906547.997580,89
1761906548.101814,89
1761906548.205803,89
1761906548.309869,89
1761906548.415291,87
1761906548.519891,87
1761906548.624161,87
1761906548.728565,87
1761906548.833563,87
1761906548.937815,87
1761906549.042328,87
1761906549.146626,88
1761906549.250675,89
1761906549.354903,88
1761906549.459145,88
1761906549.563333,87
1761906549.667457,88
1761906549.771508,88
1761906549.876079,88
1761906549.980338,88
1761906550.084433,88
1761906550.188646,89
1761906550.292979,89
1761906550.397903,89
1761906550.502058,90
1761906550.606162,89
1761906550.712023,89
1761906550.817168,90
1761906550.922230,89
1761906551.026907,89
1761906551.131546,90
1761906551.236749,89
1761906551.341212,90
1761906551.446169,90
1761906551.550410,88
1761906551.654579,87
1761906551.758664,87
1761906551.862652,87
1761906551.966890,88
1761906552.070847,88
1761906552.175060,88
1761906552.279441,88
1761906552.384038,89
1761906552.488536,88
1761906552.592698,88
1761906552.697156,89
1761906552.801261,89
1761906552.905487,89
1761906553.009573,89
1761906553.113806,89
1761906553.218169,89
1761906553.322404,89
1761906553.426513,89
1761906553.531134,90
1761906553.635315,90
1761906553.739808,89
1761906553.847262,89
1761906553.951813,89
1761906554.056092,89
1761906554.160622,89
1761906554.264869,88
1761906554.369260,87
1761906554.473974,87
1761906554.578397,87
1761906554.682947,86
1761906554.787426,88
1761906554.891411,88
1761906554.995522,88
1761906555.100028,88
1761906555.204482,89
1761906555.308680,88
1761906555.412964,87
1761906555.517261,89
1761906555.621377,88
1761906555.725403,88
1761906555.829507,88
1761906555.934011,88
